1322 INDEX 4044444444.

7444444444, procurator 4444444444 644444 Pam· 444444 64444, 4449.

phili, 434. 44444444 4494444444 44 4444444444444, 644.
7444444444 84494444, 444. 44644444, marchio Pallavicinus, 447, 544, 644,
4444444444 84444444, 446. 4494, 4494.

7544444444 44 744444, 644. 4444444444, notanus, 37.
74444444ωᾶ4 74444449. 945. 4444444444 sou 44444444 844444, 37, 44.
4444444444 44 44444, 444 not. 4. 4444444444 4444444444, 449.
4444444444 4444444, judex, 444. adamim, Augtmnsis episeopus, 74.
7744444444, comes 44 cereta, 349. 44944444 4444444444, 644.

74444444 44 Dim, 344. 44444444 04444444, 647.

44444444, frater Stephani de Philippo, 445. ν449444 44444, judex, 44.

444444, decanus, 999. 4444 4444444444, 444.

wipaldus Philippim', 444. 4494 044444444647.

444444 444444, 449. 4444 4444444444, 645.

74444444, filius 'risonis 44 Campo Sancti 44444, 4494 44 04444444 Novo, 469.

64, 49. 4494 44 94444444, 449.
7444444444444444), 4444. 4494444494, 649.
74444444444444444, 444. 444444 4444444444, 344.

7444444, 644. 4444, magister 4444444444, 955, 956.
744444444444444), 646. [4444444444 444444, 644.

74444444 44 844444, potestas 4444444444, 449. 4444 44 844444, 644.

4444444444 8444444,4968,4999. 4494444444 4444444444444.

4444444 (domini 44), 444. 44444444 44444444, 44.

4444444444 44 Catullo Vetula, 444. 4444444444 4444444, 644.

44444444444 44 44444444, 644. 4494444 44 44444, seu 44444, 444, 445 44 444. 4,
7444444 44444444444444, 349 44444. 4. 345, 349, 349.

4444444444 sou 7444444444, 444,494, 34944444. 4, 44444444, eomes 4444444444, 344, 349.

444, 444. 9444644444,4444444444.
7444444444 9444444444, 543, 549. 44444444, 4499.

74444, 44 jurati 4444444444, 4433. 41444444, dapifer, 49.

7444444444ιί 44 44), 444. 4744444444 444444, 49, 49.

74444444 44 444444444444, 446. 44444444, plebanus majoris 44444444 Augusteu-
744444444444 44), 646. sis, 4497, 4449.

74444 (dominus), 644. 44444444434494,444444,74.
4444444444, 4447. 44444444444444, 464,444.
4444444444 44 44444444, 344. 44444444 44 9444444444, 46.

44444, 449 not. 4,465, 494, 495. 944444449444, 4444.

744444 44444444, 449. 44444444, eomes 44 4444444, 4443, 4449.
444444 444446444446. 4444444444 4444444444, nomes, 449.
74444444 seu 74444444 444444444444444444 Vi· vlricusdolldfmtein‚ 449.

444644 44 444444, 444, 476, 346. · 4444444444 1444444444,4494.

44444444, 664, 665. 44444444 44 4444444444, magister hospitalis 44

44., Patavinus episcopus, 4944, 4944 et not. 4,· Uknu, 4494.

44444444444444. 944444444644444.

44444444 44 444444, 449. 44444444, 444444 44 4444454444, 447.
4444444444 4444444444, 447. 44444444 444444, 4496.

44444444, magister, 4949. 4444444444444444444,474.
44444444 444444, 644. 4144444444 lucrm, 44.
44444444 44 44444444, 494, 493. mrim 44444444, 4496.

 

