INDEX NOMINUM. 1³05

45544455 45 44545444, 448.

44544454 4454444544, 742.

45544455 4454445554, 842. ,

45544454, 8454545444 episcopos 44 cardinalis,
42544554. 5.

45544454 84444444 , 974.

45544454 44 845545 445545, 594.

44544454 44 844545 4445444445, 545.

44544445 44 844444 Germano, magister, 454,
452, 454, 455, 834, 997, 945, 947, 948,

45544444 8444454454, 343, 844, 345, 484.

44544444 84444544, 554.

45544454 45 84445, 599.

45544454 45 8544444445, 824.

44544454 8554445 45 44545455, 4484.

45554444 Scribonios, notorius, 444.

45544444 85445444, 557 .

44554444 854444, 542.

45544444 45 8544545, 835.

45544444 spaniis, 589.

45544444 85444, 940.

44544455 84445544544544, 4458, 4499 54 noi. 4.

44544455 45 855554, 84 4.

45554454 Soron, 544.

44544444 444 8544544, 544 44 554. 4.

45544454 44 Soron, 55444454, 448.

45555444, magisicr 44445445454, 995.

45544444 45554444, 885, 855.

nmwmffln

45544454 45 Prono, 539.

45544454 45 4444545, 497.

45544444, Viennensis archiepiscopus, 488, 492,
QQQ

4454444445 44445, 729.

45544455 45 4445545, 958, 957.

45545454 Veios 45 4544444444, 955.

45544454 Vulcanus, 444, 443, 428, 837, 898,
mmm

45544444 45 4455545444, 4494, 4439, 4454.

· 44544454 45 44444444 444444, 774.

4454455 2444455554, 522. “

45444544, concordiensis episcopus, 475.

44444544 44 Inoo, 524.

45444445 (hominos torrae), 589.

4544544444 4455444 , 529.

45445455, 4974.

44444445 (irater), 255.

45444445 45 4444445, 544.

· 4544444544 5454445, 848.

45444454 4944554444, 5554445454 mgni, 588 44
nncffinnnsmnnnn

44444454 5544444455, 523.

45444455 Mosco, 859.

45444444, 45454 444545, 947, 928.

45444455 8544445444, 794, 792.

44444445 7544454554, 774.

45455544 44 Brundusio, 578, 994.

444454, 244, 274, 472.

ΜΜΜω4

Iulianos 45 0444455454545, 548.

44444444 544444544544, 524 .

4544444, 54454 4455555454 45 Noscito Novo, 324 ,.

454444555444444, 243.

liodoldus 45 4444455544, dapifer, 27, 49.

narn (homines), 495, 255.

4444545 45 4544545544, 4297.

4., Auriensis episcopus, 4429.

Lambinus, morosior Venetus, 553.

45454444454 85444, 548 54 554. o.

4445444 44 Coris, 874 54554. 5.

44445 45 44545, 54 7.

44445454, obbas Cossincnsis, 44.

5444444454 45 Aquino, 543.

1544454554 44 cripta, 645.

4444445544 04455454 4444 &incussisti 54 5454,
878.

45445455 44 Franco, jisiinaiius torrae 44544,
ΜΜΜΜΜΜΜΜΜ
ffimffimmmmmm
897, 995, 925, 997, 955, 995, ioci.

Londnifns 44 8554444545, 757.

44445454 455 45445454, opiscopus ’4454554-
9ωῃῌῌῃω545ω5
mfflmnmfflmnfflnmn
smmmmwm

Lonsrnncnc 44 Coris, 548.

lanfrancus 45 Cosano, 545.

lanfrannus 644554, 524.

lanfrancus, Popicnsis episcopus, 494.

4445444545 44 Presbytero, 344.

Lcnsconcns 8544444, 4985.

4544544454 44 44455454, 544.

5444544454 4444444444, 544.

4444544445 44 55445, 542.

4444544554 45 4454444, 523.

5444545444 45 44444, comcs, 589.

4444544454 4444444454, 545.

 

