4446644 4401444664. 1299

6444444444 44 64444444, 666, 4433.

6444444444 44 6444446444, 744, 744, 677, 676,

6444444444 44 6444444444, 644.

6444444444 44 64444444, 434.

6444444444 6444444444, 644.

6444444444 44 Quinto, 4666.

6444444444 4444, 736.

· 6444444444 44444444, notarius, 464.

64644444, rex 64444444, 467, 646.

6444444444 44 444444 4446444, 646.

6444444444 44 44444, 446.

6444444444 4444444, 969, 976, 974.

’ 6444444444 44 sancto 44444444, justitiarius
’444444 Laboris, 379 et not. 4, 469, not. 4,
ΜΜΜΜΜ

6444444444 44 84444444, 666, 694, 646, 796,

6446444444 44 Sancto 64444444, 369.

6444444444 44 844444 tuo, 467.

6444444444 8444444444, 646.

6444444444 44 84694444, 664.

6444444444 44 844444, 643.

6444444444 44 84444, 644.

6444444444 44 spinosa, 469, not. 4.

6444444444 44 844444, 444, 449.

6444444444 Surdus, 44444444 tannae, 4444.

6444444444 6444444444, 774.

6444444444 64444444 44 Saum, 644.

6444444444 Turio, judex 64444444, 466, 466.

6444444444, Valentinus 444444, 494.

6444444444 do 84644444, Valentinus 4444644,
436, not. 4, 434, 436, 447, 464 44 not. 4, 463,
444, 4444, not. 4.

6444444444 4444444444 seu 4444444444, 4444-

taneus 6444444444, 444 et not. 4, 443.
6444444444 44 44444, 364 44 not. 4, 4674, 4676.
64644444, pn'mas Lugdunensis, 494.
6444444444 84444444, 964.

6444464444 44 6444444444, 344.

6444444444 44 6444444444, 646, 673.
nummum 44 4444444, 444, 444 et 44. o.
6446444444 44 6444444, 443.

6444444444 44 Styra, 64.

6444644444 44 644444, 477, 476.

6444 44 rottenstein, 449, 466.

6., <tomen 44 4444444, 46.

44.. 6446444444 opiscopus, 447.

11.. 64444444 44444444, 4446.

6., puer, 4633.

44. 44 4646444, 46.

4444444444 44 0444444444, neu 64444444, 444
ις6444444444, nnn 6444444444, 44, 49, 46,

4144444444 44 somnum, 47, 46.

Eudemum 44 6444446444, 47, 36, 46, 66, 66.

6444444444, 4496.

4444444444, villicando 4444444344, 4496.

4444444444 6444444444, 4496.

4444444444 44 4444444444, 4496. 1

6444444444 dictus 4444444444, 4499.

4444444444 44 64444, 444444, 49.

64444444 44 8444464644, nen 8444444444,

4444444444 44 64644444, 4496, 4496.

4444444444 8444446444, 4496.

4444444444, suu 4444444444 44 64444444, nnn
44444, 44, 44, 44, 444.

6444444444 44 6444444444, 446.

4444444444 44 0446444, 4464.

6444444444 44 644444, 44.

4444444444 44 4444444449, 446.

64444444 44 6444444, 47. ’

4444444444, seu 4444444444 44 6444444444, 46,

4444644444, magister 44444444, 466, 464.

6444444444, praepositus monasterii 44 64444-
64444, 46.

4444444444, Augustae 4444444444, 999.

4444444444, judex 644ιί444444, 464.

4444444 44 64444, 643.

444444644444444444444, 344, 466, 466, 666, 666,
444, 444, 444, 444, 444, 444.

4444444444, trater domus 6644444444, 466,

6444444444, Aquensis praepositus, 464, 4464,

6444444444, dux annriornm, 996.

4444444444, marchione Burgum 446.

4444444444, 4444444444 constantiensis, 446, 4464,

64444444 44 64444444, 4464.

4444444444 44 6444444444, 4474.

4444444444 44 4444446444, baro, 4446.

4444444444 44 4444444444, 4474.

4444444444, burgravius 44 Luem, 464, 464.

4444444444 44 0444464446, numen, 43.

4444444444, mercator 44 6444444444, 636.

 

