1838 INDEX 4400044044.

4488488948, 4488.

Nava 0888448948, 4480.

Novaria, 488.

4444444884, 887, 888, 870.

Nummum, 708.

amramis, 88848848, 88.

0888884888, 888, 840.

Ν888844844484448 (monasterium da), 78.

4488488848 sau Ν8848480448, 87 84 884. 4, 4478,
4807, 4444, 4848.

44448444 (via), 788.

0088848888 (monasterium 448), 888.

0448844884, 888.

044848, flumen, 848884. 8.

0488448448 (conventus da), 88.

04488844, 888.

aquam 888 044884 seu 4844884, flumen, 488
884.4,484,488,488,488,488,448,447,478.

0448884484, 88844488, 408, 448.

0488884448, 4888.

0484888848, advocatia, 87.

0444449444, 4488.

mmmmmfflwww,
787, 847, 848, 848.

0848 capitinatae, 878, 878, 874, 884, 848, 888,
mmmmmfflmmm
944, 848, 848, 847, 848, 848, 888, 884, 888,
888, 884, 888, 887, 880, 888, 888, 884, 888,
888, 888.

084488884488, 4488.

0448448444, 448.

0488848988, advocatia, 87.

0448888448, 888.

0844484884, 448.

0488 (monasterium 448), 88, 78.

0888, 88844848, 448.

0848844848, 848.

4488444884 castrum, 884.

Patina, 88, 488, 877, 878, 878, 880, 484, 884,
488, 848, 844, 848, 848, 848, 888, 4848.

Padus, 084888, 478.

8848884848, 484, 848.

1444844848, castrum, 448.

4848448488, castrum, 444.

Panormus, 444, 448, 444, 488, 487, 888, 888,
888, 874, 878, 878, 874, 878, 888, 888, 887,

ΜΜΜΜΜΜΜΜΜ,
448, 848, 844, 444, 444, 444, 844, 848844,
mmmm

Ρ84448448848, 4448848, 888.

Papa, 484 not. 4, 488, 448, 48484444. 4, 484,
memmmmmm
mmwwm

088848, 488, 888, 888, 878, 877, 487, 847, 848,
mmmmm

0888484844 (episcopam), 888.

4848444444, 788, 788.

Ρ84884844448 8884888, 408, 404.

Pavo, 8448448444, 44884884. 4.

8884848888, 748, 747, 884, 888.

8844484888, 488 nat. 4, 488, 804884. 4.

Panna 44 4888, 888.

Panna 48 Voce, oppidum, 47884484. 8.

0884488448 (88848848), 488.

8889884884, 488.

0884440889, 48.

8884444488, 8444488, 880.

8488444884 4888448884, 88844884, 748.

Patra Imparatan'a, 48888, 880, 884.

Patras 8488844448, 448.

08484 484448, 884.

4444484488 (tarra), 484, 488, 788, 788, 888.

8484884888, 888.

4448888888, 887, 888.

Ρ4ρ84, 444 chanana 84 884488 8444484484 dapen-
884448 de 4848884884ιό de 44484848, 4884.

Pmffimmmmmwm
mmmmmmmffim
mmmmmmmmm
888, 887, 888, 888, 840, 844, 844, 848, 844,
880, 704, 788, 807, 844, 840, 4080, 4484,
4488, 4444, 44844.

Pisana· archiepiscopatus, 888.

84488848, 448, 744, 748, 748, 747, 748, 888,

844488488444 8888884488, 888.

84448884488884 488 84884984488884, 8884444444
Qm

mmfflwfflfflfflffia

8484884488 (pana), 488, 470, 474, 478, 474, 478,
478, 477, 478.

Ρ4884444849444, 448.

848448, 787.

8484888488, 88844848, 884, 88884884. 4, 887,

88444484, 884448, 840.

889488844884 888 889488844884 8844 podiam Ba-
84844, oppidum, 880, 848, 888.

 

