INDEX NOMINUM. 4697

6411446444 64 444444, 64 6.

6411446444 6444446444, 664.

6411446444 64 64444444, 644.

6411446444 64 6444444444, comes, 646.
64644644 64 64444, 644.

6411446444 64 curtenova, 444444, 64 6, 646.
6411446444 64 6444444, 664.

6411446444 44444464 64 6444444, 646, 766, 766.

auffridus 44 4444444, 444.

641144644 64 6444144464, 1446644444 Cala·
mmmfflfflfflfflfflffi,
mmmmmmmmm
666, 666, 646, 664, 666, 4446.

6411446444 64 444444, 646, 666.

6411446444 64 4444444464, 646.

6411446444 444444444444, 623.-

6411446444 64 Valle, 666.

644644444 64444444444, 646.

6444144644, 44444 imperialis 4444464644, 666.

64444444444, praepositus 64446 64464444, 46.

6441444444, camerarius, 66.

644144644 do 6644444444, 4466, 4466.

644144644 444 6464144644 seu 6444144446 64 Ho-
44444446 seu 44444444, 6, 46, 66, 66, 67, 67,
44446444444
QQQQOmfflffi
mmmm

6441446444 64 4444444444, 4466.

6444444644 64 44444444, 4666; forsitan 46444 qui
6444446444 alias 44444444.

6444144644, imperialis 44444 cancellarius, 476,
466 (vid. 6444144644).

6446144644 444 6444444444 seu 2444444444,
mmwam

¹ 6444444644, 6464444444 4444444, 466.
6446444444 64 44 44444, 646. “

6444444 64 644444, 646. “

fflwwwu

64444444, 6444444444, 666.

6441144444 IX, papa, 76, 46, ’46, 464, 466, 466,
⁴QQQmmfflmwm,
mmmfflmwwfflmmmm
666, 444. 6, 667, 444. 6, 664 , 676, 676, 444. 4,
4444ῌ46464ωω4
666, not. 4, 666, 666, 646, 746, 666, 666,
ωψωωωωωωω,
mmmmmwmwffl&
cmmwwmmmwm
wwmmmwmffimw

4446, 4466, 4466, 4466, 4466, 4666, 4664,
6444146644 44444444, 664.

· - 6444444446444444444494, 664,666, 666, 674,

Μωωηωωωωωωω.

6444444444, abbas 6444444444, 466.

6444144444, subdiaconus 44 4444444444 papae, 464.

6441144444 64 64444444, legatus 4444444, 4666,
mwmwfflwwmwn
mmmmmmm

6444464444 44444 64 4444444. 666 et 4444 b.

6444444444 4444444644, 646.

6444444444 64 44444, 646.

64444 64 44444444, 626.

6446446444 64 64444444, 4446.

6444444444 6444, 664. ’ ,

64444644, magister 644444 hospitalis Sancti 44·
ruvini 444 Alpibus, 666.

6444444444, 444444 6444444444 4444444444, 676.

6444444444, judex, 666.

6444444444 44444444, 764, 766.

6444444444 4444444444, 666.

6444444444 64 6444444, 646.

6444444444 64 4444444444, 646.

6444444444 64 6444444444, 644, 466, 766.

6444444444 64 Capua, 666.

6444444444 64 64444444, 676.

6444444444 64 64444444, 666, 666, 667, 666.

6444444444 64 644444, 666.

44444444 44 444444, 444, 444, 444, 444, 444,
mmmmmm

6444444444 64 6444444444, 746.

6444444444 64 64444444, 667, 666, 647, 666,
mmmmmmmmm
mmmmmmmmffl
mmmmmffimmm
mmmmmmmmffi
mmmmmmmmm
mmmmffimmmmmm‚
649, 666, 666, 667, 666, 666, 666, 666, 666,
mmmm

6444444444 64 64444444, 676, 676, 746, 764, 646.

6444444444 64 64444444, forsan idom, 667.

6444444444 64 4444444444, comes, 44444444 44
6444444444, 644, 666, 666 44 444. 4.

6444444444 64 44444444, 766.

6444444444 64 444444, 644.

6444444444 64 0444, 666 44 4444. 4, 666, 666,
mmm

 

