1³³6 INDEX LOCORUM.

Terrae Laberio (4888448848488) 408 884. 4, 440,
mmmmmmmmm
mmmmmmmmm,
748, 784, 788, 788, 788, 804, 808, 880, 880,
mmmmmmmmm
808, 848, 080, 880, 844, 848, 848, 847, 808,
880, 888, 880, 878, 884, 888.

Terrae majoris (monesterium), 880 84880. 4.

mmmmmfflmmn

Tarracone, 788.

Tern'cr'um, 084.

7888484888, menum, 444,

Tertia, 784.

7888488888 (marchia), 78, 858, 888, 887, 888,
mmmmmm.

mmmmmmmmmfflr

Tlreanum, castrum, 880, 880 ,947, 4000.

7488888848 (88818848), 488.

, murem 8484488, 708, 747.

74884488 (ccclesia), 878.

Tolosa, 4088, 4088.

mmmm.

Tbrena (884448 dc), 884.

Tarimcnr'um 888 Tauromenium, 444, 888, 888.

7888884884 (casuum de), 088.

Tramcnlum, castrum, 408.

stanam, castrum, 408, 440 80 884. 8, 408, 808,
787, 848, 848, 888, 888.

TVapanum, castrum, 448, 488, 488, 808, 808,
804, 808, 848, 888, 888, 787.

Trea Sancti, 884, 4000.

Tridentino civitae, 484, 0887.

7484884888, 888.

Troia, 788.

7888488, flumen, 480, 848, 887, 870, 784.

7884448488, 4480.

7488484848, 787, 780, 784.

7888884488, 0808.

Turonum, 4887.

Turres, 878.

Turris Major', 88848888, 448, 880, 888, 888,

Turrr'e ad Mare, 408, 884, 888.

Turnum, 88848888, 888.

7888888448, oppidum, 888, 788, 800, 804.

mmmwfflwmfflfflc
884, 888, 788, 848, 4084, 4008, 0408.

78888 eeu 7844884488 8484488, 0488, 0080, 4088,

Tyrrenum llere, 0488.

mmwwmwfflr

7088448988, 0808, 4804.

mmmmwwwwm
emm

wmmwwwmmffla
0444, 0447, 4048, 0480, 0484.

4484884 (caronam), 888.

llrre (mserum (48), 888.

mmmmm

mmm

,78488448 8484088, 880, 888, 888, 884.

784448 Gran'e, 888, 887, 888, 788, 784, 888.

Vallis 88444, 884, 888.

Valeo, 848.

Vapr’naum, 088.

Varcy, feudum, 845.

Vecaanum, 888.

7898884448, 488.

7888488484 eeu 78888484 (comitatus), 480 884. 0,

7888488888 (ccclesia), 488.

78884488, 008 880. 4, 888, 384, 487, 848, 848,
878, 888, 884, 400 8, 4088, 4888, 4884, 4888.

7888448848 (communitos), 880, 884.

Venun'ae (88848848), 488.

7888848888 (monasterium), 887.

Vercellae, 8484488, 088, 488.

788888, 84, 048, 488, 484, 808, 804, 844, 808,
84 8, 844, 848, 848, 808, 877, 848, 808, 888,
888, 884, 888.

Veronensis (88848848), 888.

788088848 (88848848), 488.

Velrum, oppidum, 448, 480 84884. o, 488.

74888448, 8484488, 478, 844, 877, 848.

Vr'cron'mee (8888808888), 484 84 884. 0, 088.

Vienna 888 4788888 seu 4748888, 8, 8, 4, 8, 8,
7, 8, 40, 48, 47, 08, 08, 80, 84, 88, 87, 88,
Ἠωῂῆἥηηωῆἤηῆ
80, 88, 88, 87, 88, 880, 848, 808, 808, 877,

74844488, 787.

74448988, 4808.

Vr'llocum, 484.

74448 Noua, 808 884. 4.

7448884884, 8484088, 78, 78, 77, 008, 088, 887,

&mmmmmmmm
mmmmmmmmm
mmmmmmmmmmm

 

