1312

Nannbnramu capitatam, 96, 97.

4446449444, 97.

0., marchia malaspina, 476.

0., marchia 64 6446446444, 9944.

0., 4444444444 episeopus, 666.

0644644444, 444444 4446444444 64 444444, 747.

0644444444 44444444, 646.

0644444444 64 4444464444, 646.

ohanna· 64 04444, 646.

0644444444 8444444444, 664.

06644444, 446 44 444. 4.

06644444 0444444444, 666.

06644444 4446444444444,444444444 4444444464,
mmwmmmmwffl
not. 4,666,666, 547, 546,649, 660,666,
mmmmmmmmm
mfflmmmmmmm
mmmmmmffifflm
mmmmmmmmm

06444444 64 44444444, 666. “

06444444 64 Summa, 646.

0644444 44444444, 646.

06444444 0444444444, 646.

06444444 64 044444 4444444, 646.

06444444 0444444444, 644.

0644444 0444444, 646.

06444444 64 4444444, 646.

06444444 64 0444464444, 644.

06444444 64 4444444444, 64 4.

obortas Mamaeanas, 646.

06444444, marchio Palavicinus, 676, 669. 446.
06444444.

06444444 64 4444444, 647.

06444444 44444444, 4666.

06444444 84446444, 646.

06444444 64 4444444444, 696, 697.

06444444 villanus, 646.

06444 0444449444444, 646.

0644444 4444444444, 646.

0644444 444444, 646.

04444444 64 444444444, 64 6.

0444444444, dominus 4414444444464.

04444444, marchione 644444, 467.
0664 64 4444464444, 646, 669.

0660 64444444, 643.
0664 64 0444444444, 466, 469, 469.

066464 644444, 666.
wwwn
0664 4444444444, seu 4444444444, 464.

lnnnx NOMINUM.

0664 64 44444444, 646.

0664 64 4444446444, 766.

064 campaniensis, 669.

064 64 44444444, 976.

044, Valentinus apisnapus, 494, 669.

064 64 4444444, 646.

0664444444 64 444464444, 666.

06444444 44444444 64 Vina 494444, 649, 996.

0644444444 64 04444444 64 Sanan-a, 699.

0644444444 normannus, 466, 466 44 nona, 466.

0444 (domini 644, 646.

0464444444 0444444444, notarius, 644.

04644444 644446444444, 64 6.

0444446444 64 04444444, 64 4.

0444444444 444444 64 44444444, 649.

0444444444 44444, 466.

04444444 64 cannava, 44444444, 996.

04444 vicedominus, 644.

opina 64 44444444, capitaneus 64 Aquis, 4646,

Opino 64 844444, 4649.

04444644 64 444444, 664, 666.

04444644 64 4464444, 466, 463.

04444644 64 4444444444444, 4479, 4474.

04444444, episeopus 6444644444, 467.

04444444 0444444444, 46.

04444444 64 4444444444, 46.

0444444444 64 6444444464, 646.

04444444, 6444444444, 967.

0464, cardinalis Sancti 44444444 lagatus 4434444,
mmwwmwfflwn

0444 vanavana , 446.

otakarus 64 Volkmann, 64.

044464 4644444444, 69, 66.

, 0444 6444444444, 49.

0444, Bnmbergensis 4444 Babonbergensis 444444-
pus, 74, 76, 476.

0444, dux 64444444, nomes palatinus 446444, 9,
444444444444
nmmwmmmwm
nnmwmnnmwwnn
mmmmm

ono 6444444644, dapifer (44 4444444448, 4666,
4664 44 nota b.

0444 64 64644944, 999.

044464 64644944, filius, 999.

0444, nomas Burgundiae, 74.

0444, dux Burgundiao, 647.

0444, dux 64 6444444444, 646 444. 6, 969.

 

