4996 INDEX lllllllllllll.
6. 446004444444,444444 44445444 presbyter 404- 64049404 44 4444440, 954.

4444444, 995.

6. 44 4044, 495, 497.

6., 440444 44 lomello, 947, 995.

6., Lunensis episeopus, 999, 955, 975.

6. 44 Naro, 899, 599.

6.44 Nigro, 4554.

6. 44 roceo, 445, 455, 495, 544, 595, 555,
mmmmmmmmm
mmmmmmmmm
mmmmmmmmm
wmwffifflmwmfflwffiffl
mmm

6., marchio 5044440444, 40444440 pro 74444444·
444, 475.

G. 44 4444440, 440, 404.

- 6. 44 500440 4444044, 344.

605004444, 440 645504444, 440 6444404440, 440
60004404 44 44044444, 404444, 949, 999,
mmmmwmmn

Gabriel 44 44440 504440, 549, 974.

6045044444 5444440, 444444404ιί444 pm 60400040,
55544404. 4.

60444 44 60404040, 400444, 97.

Gallici, 4595.

604444444, 44444444 imperatoris 44 regno 444444-
44044, 4599, 4599 (444. 6004444404 44 440440-
pollo).

6044404404 444 4044440444, 949.

60400004 404440, 4594.

6004504404 44 54444440 5444044440, 949.

6044044444 404004, 559.

604444404, dominus 50444404, 595.

6044044444 44... , 494.

6004400440, vidua 7440044 44 campo 540444
54444, 59.

6004404, 40404404, 595.

60054404, 444040440444 4044404404, 997, 995.

60054440, ’4444445444 episeopus, 994.

6040444404 44544444, 559.

64444444 44 5000400444, 795.

64444444 44 60440040, 545, 559, 595, 599, 555.

· 6404444444 6044444400, 594.

64044444 44 64404040 44 6444440, 549.
64044444 44 5444440, 595, 595.

64444444 44 6400440040, 459, 454, 545.
64044444 44 Papum, 554.

64044444 44 Popleto, 554, 555. ,
64044444 44 4444040, 555.

64040404 44040004, 555.

64404404, 400444 44 5044044, 494.

64404404 do 40044, lineamina, 444.

64404404 5044404 440 5044444, 544 44 4404. 5.

64404404 44 40004040, 545 44 4404. 5.

64404404 1444404404, 594.

64404404 4405040404444, 995 44 004. 4.

64404404 5444044, 545.

64404404 44 84444445 440 sintela, 459 44004 4.

64404404, 54404 7440044 44 Campo 540444 Petri,

6044440444 441440450404, 995.

64440404 44 5044440444, 4454.

6444004404, 0444444450 Graecorum, 495, 404. 9,

ommi, 579, 459, 4444, 4447.

6444404404 4404044404, 457.

6440045, verisimiliter 64400404 aa 5444444444,
49.

’ 64400904, 995.

44444444 44 naxio, 444.
6654440444 504040, 449.
6444544440, 00444404, 595.
6444544444 44 50040440, 554, 555.
6444544404 44 80400440, 547.
6444544404, dominus 50440444, 545.
64440404 4400044404, 544.
amm

644404 5454444, 954, 559.

644404 440444444040, 579 44 004. 5.
644404 44 50044040, 574.

644404 4444444444, 555, 744.

6444404 44 6044454445, 995.
64404404 aa 144 ...... 495.

64404404 44 65040, 555.

64444404 44 6044440, 544.

64404404 do 64000440, 544.
64404404 44 50040, 444044, 599.
64404404, 404044 44 5044454.
64404404 44404044 44 4404444440, 494 .
64404404 44 sumo, 594.

64404404 44 5044440, 599.

6440444504 44 5040044, 955.

64444440 440444, 4455.

640440404 (dominus), 545.
6044444404, patriarcha Aqullogon's, 475.
6040004404, monetarius 44 4404450440, 55.
60444404 44 4450400, 549.

 

