INDEX Loconun.

49449994999949199919949), 496.
491499944949, 796.

Palicanum, 665, 666.

Poiiiniacam, 495.

Paionia, 945, 4447, 4446; 4454.
4999994999, 409 noi. 4, 557, 556, 564.

, ancira, 999.

Pons 449494, 494 noi. 4, 497.

Panircmnins 999 Pnnircrnnli, 452 994. 2, 559,
654, 640, 644, 666, 667.

Poparnm, castrum, 669.

4944999, 994, 996.

Parias Pacarii, 4420.

494994499πεί9 (ccclesia), 499.

renarra, 949, 499.

Pratum 994149, juxta Paduam, 265.

Pratum 4459499444, 426 94 nai. 4.

4499499, 664. ·

Principatac, 672, 665, 666, 700, 704, 749, 769,
994, 944, 949, 999, 944, 949, 949, 999, 994,
995, 946, 956, 960, 964, 4079, 4229.

Provincia, comitatui, 269, 270, 942 noi. 4, 405,
4022.

49994919, castrum, 44 9.

49499, parochia, 46, 96.

4494499999, advocatia, 67.

4444991949, 446, 900.

49444444 Cornn, 4009.

09494994, castrum, 294.

4191999, 499.

41999949, 764.

49499949, 99944499, 444.

4944995994, 4496, 4497, 4496.

Painnhariacir (monasterium 419), 44.

Rana, 466.

4494499999, 66, 67, 66, 69, 76, 4092.

Ravenna, 406, 466 nat. 4, 966 noi. 4, 972 nat. 4,
979,974,976,640,644,644,4029,4042, 4054.

4999099499 99944949, 499.

449949, civitas, 900, 992, 964, 555, 559, 660,

Rebeccae, 54 94 not. 4.

4994999994, 4460.

narranaam (99944994), 445.

Pania· (99919949), 496, 925.

4499499, ccclesia, 4226.

44994999 (episcopatus), 966.

44994949, civitas citra Parum, 940, 942 94 994. 4,
409, 440, 769, 764, 797.

V. 94449

41999199, portus, 449, 644, 956.
444444944ιὸ949, 4469.

4194999999, 220.

4499499, 664.

- Benarni, 467.

Rhenus, 1194499, 200, 4026, 4245, 4247.

Rhodanus, nucina, 226.

4494949099999 (monasterium), 44, 46.

asenna, 79.

4199949999 civitas 94 advocatia, 4429, 4459,
4 460. ·

Ripae, 41114, 409.

4499949999, 769.

Pica Baiiyna 9996911491999,4074, 4096, 1097.

4449944, 649.

41499941599494, 664, 662, 992, 999.

Bacca 44949, castrum, 449.

119999 44994499, castrum, 443.

419999 aa 449949, 659.

Bacca Bnyani, 449, 649.

419999 Gloriosa, castrum, 449.

419999 6941194944, 449.

419999 499919, 99944949, 409 not. 4, 419, 449.

449999 4499449 Draconis, 449, 790, 997.

419999 Pimaniis, 449, 707.

Bacca Prctnri, 742.

419999 Sanciae 49941499, 449.

Bacca 449 Saracinirca, 559.

44999949, 746.

non, 4460. ¹

449499 scu 44449, 464, 462 94 994. 4 94 2, 209 94
not. 4, 454, 255, 256, 266 94 nani, 294, 297,
299, 902, 907, 906, 632, 997, 947, 450, 452,
764, 762, 764, 766, 654, 4020, 4055, 4064,
4944, 4949, 4994, 4449, 4499, 4494,4499,
4426, 4427, 4426, 4499, 4449, 4446, 4447,
4456, 4465, 4229, 4245.

nonaria, 4229.

4949994949, 76, 967, 974, 979, 4017, 4046,
4044, 4050, 4054, 4449, 4447.

Paratum, 94 nosen 99949, 444 94 994. 4, 449,
44 4, 446, 420, 462, 566, 649, 667, 670, 724,
759, 950, 954, 959, 954, 955, 956, 957, 960,
964 94 nai. 4, 967, 966, 4066, 4067.

nonen, 4496.

4949999999, 4474.

4994949999, 4460.

4199949, 4447.

4499491499ὴοί49, 4449.

166

 

