’ 4444464 4644444644.

16666444 de 616446666, 666.

1646664 64 666446, capitaneus 6644464 spoleti,
mfflfflmmmmn

14466664 6664666664, 976.

1646664 uanae, 666.

1666664 64 66666666 64 6446446, 666.

1646664, episeopus Paduanua, 69, 666.

16466444 64 Ρ66444466, 66 6.

1666664 1666666444, 666.

1666664, cardinalia, episcopua Peneatriaenais 66
apostolicaesedis 6634644666 Francia, 688 66
noa. 6, 464 et noa. 4, 4644, 4644, 4464, 4446,
4444, 4444, 4444, 4444 aenaea, 4444, 4444,
6666, 6666.

1666664 6444646446 64 64446644, 868.

1666664 64 1464644666, 666.

16666641466, 666, 666.

1666664 Petri sinibaldi, 666, 667, 666 664466. 6.

16666444 646464 64166666, 666.

16666444 Paeonas, 666.

16466444 64 6664444466, 666.

16666444, irater liaynerii de 6666666, 866.

16666444 66464666166664466, 666.

1666644464 16644666, 666.

16466444 16666666, notarius 66446 64644446, 6666,

1646664 66664464, 666 .

1666664 86664664, 766.

1666664 64 Sancta 666666, 669, 666.

1666664 Salomone, 668.

1646664 64 Sanctia, 666, 666, 667, 668, 666,
464, 644, 646.

1666664 64 Soneio 46446446, 666, 666.

1666664 84666664466664, 666.

1666664 Scaeam, 666.

1666664 64 Seriane, 666.

16666444 8644666666, 666.

16666444 64 Stantia, 776.

1666664 64 Surena, 666 66 4466. 6.

1666664 74644666, dux Venetiae, Dalmatiae 66
64666646, 696, 666, 396, 4466. 6, 6666.

1666664 64 76446446, 666 664466. 6.

1646664 64 746464666, 6676, 6676.

1666664 7666646664, 666.

1646664 64 Turre, 668.

16666444 6644666664, 666.

16666444 64 166664466464, 6676, 6676.

16466464 666664, 666.

laoniae, vercellensis episeopus, 464, 444, 466.

16664464 64 666666, 666.

1446644444 6464446664, 666.

1446446444, 966.

1666464664· 64 7446666, 667.

1644466664 6444664464, 666.

1444664464 64 6644646446, 667.

164466466444 6644666644, 666.

1644464464 64 64446664, 666.

1646464464 6446666444, 666.

16664464 64 Porta, 6666.

1666444444, 666, 4466. 6 ; 666, 666, 4466. 6 66 6,
667, 4466. 6, 666, 666, 676, 666, 687, 766,
766,796, 866, 666, 6666, 6666, 6666, 6666,
4644, 4666, 4664, 44664466, 4444, 4444,
6667, 6666, 6666, 6666.

1664464464..., 666.

1666644664 64 66464466, 666.

1666644664 64 66664666, 666.

14464664 64 0644666446, 666.

16446644, magister, 666.

1664664664 86644666, 667.

1666444444, cancellarius aulae imperialis, 76.

1666444444..., 666.

1666444444..., [iiius arehipmsbiteri &acii 4644664466
66 6644666444, 666, 766.

1666464464 66464446, 766.

1666444444 64 6664646464, judex Nuceriae, 666,

1464644644 64 6644444666, 666.

1666444444 64 ,6666466666 66 76446666, 666, 666.

1666444446 64 6444666, 666, 666, 767, 768, 866,
646, 444.

1666444444 64 6446666, 6676.

1666444444 64 64944466, 966.

1666444444 64 6646 64 66466666, 666.

1666444444 64 Ballene, 768.

1666444444 16466444, 666.

1666444444 6444644444 64 144666, 666.

1666444444 Bova, 666.

1666444444 64 Baianae, rex Jerusalem, 666 66
4466. 6, 767.

1666444444 64644464, 768, 766.

1666444444 64444444, 666.

1666444444 06466644, 666.

1666444444 64 calabria, 666.

1666444464 64 0666666466666, 667, 6666

1666444444 64 (16444446, 866.

1666444444 Camerarius, 6666.

1666444444 66446646, 766.

 

