INDEX LOCORUM.

791, 793, 797, 818, 821, 621, 326, 326, 928, 3333333393, 13, 36.
· 333, 333, 333, 333, 333, 333, 333, 333, 333, munaum, 3133.
333, 3333, 3333. 3333333333, 1133.
3111139333, 1196. 3311313113, 1166.
3113313333, 1117. 3731191333333, 71.
3311333333 (episcopatus), 336. 1310113111111119111, ⁴⁸·
3331113, 1163, 3133331133313 (ecclesia), 266.
3313133333133,119, 136. 3313333313,1136, 1132.
31311333333333333, 73. 3313333333 (ecclesia in), 1231.
1331133333 (conventum), 13. 3113111113 ⁴⁴9⁸·
3333333313, 1263. 113333, castrum, 666.
miden, 1218 33 not. 2. Ydromina (ecclesia), 139.
33333, 72. 313113, 679, 699,769, 1661, 1666,1611,1116,
3711913333333,1166. 1113,1111, 1116. cf. supra 113113.
3311333139 (convontus de), 21, 25. 113313, 363.
33113311931197. 23933333, 1117.
3311333133, 212. 2333131331, 1166.
windam, 133, 333. 2133133966.
3131313313993. 3313333113, 1262.

 

