· 1294 mmlx Romnum.

4444444,44,444,ω4.4,444,444, 44444444, 44444444, mm 4444444444, 44,
ΜὟῌΜΜΜΜ. ffl'aanmamffimmm.
maumam 4444444444444, , monuwa· mmmmm
ommam 44444444. ἰ fflffi'ffimm.
4444444444, 4444, 4444, 4444. 4444444444, 4444.

44444444, numi· 44444, 4444. num 44 Lm 444 uxama,
Mammas, 4444, 4444. 44, 4444.
4444444444444444444. mm, mamma.

44444444, mamea, 44. nomem& 44444, 444.

9444444444 444 8444444444, 4474, 4247 (vid. 0444· Ι Dum 4444444444, 474.

444444). 444444444444444444999.
4444444444 44444444. J 4444444444444444444 4444
0444444444444444444444444444444444444944444· Ι dadanum).

44444 44444444444444444, 74, 474, 494, 449, 4444444444, 444.

444. monendomum, 447.

0444444444, 4444444444444444, 994. musudosbuto‚182,m.
0444444444, 447. 4444444444 14444444 , 344.

, 4444444444, 444, 4444. ammanus 44444444, 4444.

mimda 1444444444, 444. B„ praepositus 444444444ωωί44, 4443.
4444444444. ε.44444444·4444444,4444,4444.

4444444, notarius, 49. 4444444444, salisburgensis 4444 sulzburgm
4444444 do 8444444444, 444 . archiepiscopus, 4444444Ιί4444 sedis legatus, 9,
44444444 4444444, 444. . 44, 44, 44, 44, 44, 44, 44, 44, 44. 44, 44.
44444444 44444444, 444. 44, 44, 44, 444, 444, 444, 444, 4444, 4444,
44444444 4444444444. 44444444, 4444,4444,4444,4444.
4444444444 444444, 4444. 4444444444, domuerrisingmmez
4444444444, munus 44444444 suncti 4444444444, 4444444444, abbas Werdeus'n‚'12.

444. 4444444444,4444444444444444,4444.
4444444 0444444444, 749. 4444444444, 4444444444 Sancti Stephani, 4444.
nemerim, 444 Thessalonicensis, 444, 344. 3444444444, filim 444444 de 1444444444, 4444.
944444444νά444 do 04444, 744, 744 44 not. 4. eberhardus 44 4444444444, 4444.

4444444444, niensis 4444444444, 444. 4444444444444444444, 4479.

4444444444 4444444, 444, not. 4. 4444444444 do 4444444444 seu 4444444444, 49,
4444444444444 444 4444444444, 344. not. 4, 44, 44, 94.

memo 44 4444444444, 999. eborhardus 444 4444444444, 444.

mcum, 447, 4444. 4. 4444444444 4444444444, 49.

444ροὶ444444 4444444, 499. 4444444444, wamburgensis opiscopus, 494.
4444444444, eomes 44 Lechosgomundo, 74, 4444444444, 474.

499. 4444444444 4441444444 sou 4444444444 444 Ro-
44444444 44 4444444444, 4444, 4444, 4444. mano, 44, 44, 44, not. 4, 444, 444, 444, 444,
4444444444 da 4444444444, filius, 4449. not. 4, 444, 449, 444, 444, 444, 447 444444. 4,
44444444, 4444444444 episeopus, 4444,Ι 444,444,444,444,444.

4444. 4444441444, praepositus de 4444444444, 72.
9444444444, 474, 994. 444444, 4444444444 electus 44 episeopus, 944,
4444444444 cmm-mo. 4444,4444,4444,4444.

4444444444,4444. 44444, mmmmm
4444444444, 4444444444444444444, 4444, 4444. 44444444 Bonum&

 

