INDEX NOMINUM.

44444399 49 44999994949, 27.

44444399, 339 4449444993 43 ennete, 44, 37, 49,

44444993 99 4439943494, 234, 232. ’

ulricus 49 note, 9499.

44444993, praepositus Sanctae Crucis, 4497, 4499.

44444993 93 Ultimis, 244.

44444993 de 44943499949499, 49.

4444499399 4494449999, 4293.

44444993 de 444499949, 399 44443949, 24, 27,

44444993 de Zwetel, 49.

4449949493 93 4494394343, 944.

[4999494493 49444 49993 99 44993434449, 929.

4499944, 4449, 4459.

44499993 994994399, 994.

44433, notanus, 993.

44499, Gepudaqueusis judex, 993.

44439 99449493, 934.

44439 43499943, 949.

44439 99 49949, 497.

4443399449 (domiui 99), 922.

44439993 (domini 99), 944.

4439949933 43 neuin, 232.

499499 44393949, 949 94934. 9.

Valentini (94493), 293.

Valentinus, 4449.

494443 Gentis (homines), 999.

49449 834993 (domiui de), 949.

493394493 49 Sesto, 924.

49493493, 432.

Venetici pro Veneti, 372, 994. 4, 399, 992, 393,
994, not. 4, 429, 422, 939, 937, 334, 4924,
4997, 4223, 4224, 4229, 4223.

4994949, mercator 93 4394499449, 939, 934.

4999493 49 4339494999, 999.

494994499393, 73, 492, 499, 497, 433, 247, 934. 4,

49449493 49 9349943943, 349.

4949999393, 443, 424.

4499 4434999993, 437.

4493 49 Domine 4494999993, 437.

44449999493 Senio, 924.

4499994494 pro Vieentini, 424, 249, 994. 2.

4499499949 99 4499439, 949.

44994999449 49 93449949, 949.

44994999449 449494499, 924 .

44994999449 49 9949943, 992.

4499499949 49 494999, 949.

4494493 49 494993949, 333.

4449449993 49 Domo, 949.

4449443 49 493439, 399, 923.

4449443 494334494499, 947.

4449443, Pisanus archiepiscopus, 4439.

viterbienses, 299, not. t; 992.

44493 4499494499, 949.

44349993 999949, notarius, 244.

44949993 93 nonu, 949.

49444993, neurius, 92.

4944494993, abbas monasterii Sancti Bugendi
(Saint-Oyand), 474, 472, 4744.

W, abbas Sancti Facundi, 949 34 994. 4.

W, scultetus de Rotweii, 4474.

W. 49 8439999939, Pataviensis 9999993, 4439.

W, episcopus vapincensis, 492, 493, 494.

4499443993 99 4499999994, 49.

44949, Brixinensis episcopus, 4934, 4937, 4999.

4494943493 93 Selino, 229.

4494349993 49 4493999994, 494449. 449944993).

4494949993, dux 93 lempurc 339 Liuburg, 32,
94, 933, 4449. ²

44949493 43 Ocra, 99494493 34 capeitanus impe-
rialis, 4423, 4474 94 not. 4 (449. 4499449494
93 0949).

44943493, miles deBerwartensteiu, 4474. =

449449493 49 4944999949, 399 4494439934949,
tete, 4443.

4494449493, canonicus augustensis, 4499. ’

4494443493 99 4494343449, 4439.

4494443493 49 899449994434, tuso, 4494.

4494449493 49 8944449999434, 4494.

4494449493, pincerna 99 Limburg, 79, 4439.

4494439493, comes 99 Havesburch, 437.

44994943, abbas Kotswiccnsis, 49.

4499444333 949 9943493, 349, not. 4.

Weciius 43 Portu, 94.

netto, sse.

Wencesicns, rex 39499433, 29, 22, 27, 29, 99,
97, tu, 4924, 4929, 4992, 4933, 4994, 4939,
tuse, 499, titt, 4439.

4494994499 99 4999934949, 49.

4494994493 99 834399394349, 27, 97, 93.

4499494493, cumas 99 Lembsrch, 49.

4434949499 99 449399, 4494.

4494943493, Hersieldensis 9494493 339 abbas,
934, tuse.

4433943493 99 4439449939, 4429.

4494949493 299434449, 4493.

 

