4326 INDEX Locolum.

Ariminum, 333 4404. 2.

4000040, 443, 833, 833.
4004000000, 454.

400οο000, 853, 854.

4004440000, 4463.

4000400040 (00040040), 433.
40004000 40 Capitinam, 374, 875.

,4000040 (villa 40), 435.

40044400, 4433.

4000040, Siciliae urbs, 443, 424, 643, 633, 633,
’4472 773, 737, 325, 863, 373, 366, 332, 333,

4000440, 0444400, 446.

40040400, castrum, 262.

4044040, 3, 43, 36, 43, 46, 47, 66, 66, 78, 4326,
4400, 4404, 4440.

4004040000 (0044440400), 464.

40044000, casuum, 844, 040, 444.

,400040 seu 404040, 0444400, 463 not. 4, 464,
483, 643, 644, 4332, 4323.

400000, civitas, 443, 683, 732, 738.

,40000000 (00010040), 438.

3040445000, 76.

304044 004 30040, monasterium, 4436 04 004. 4.

3046400000, 835.

304040, castrum, 362.

3040004040 40000, 743.

30040090004030010040), 87.

30004004040, 000040, 736.

30050040, 535, 633, 633, 732, 733, 865.

3005400040, 4447.

30004004 000 30004004, 00οῑ44404, 333, 332, 443,
mmmwmmm

300004, 00040000, 433, 443 04 4404. 3, 444,443,
444, 444, 040, 040, 004, 044, 404, 000, 040,
843, 874, 835, 836, 837, 833, 336, 347, 343,
378, 384, 382.

30000000, villa, 386.

30044400 30404, vina, 386.

0444440040, 444, 444, 444, 004, 044, 000, 404,
874, 876, 833, 835, 337, 838, 336, 344, 343,
364, 333. ’

30040000, 4447.

3004440, 435.

3000040 000 30400040, 4326, 4332, 4336, 4348,
4000, 4440, 4400.

30044 3000040 (00010040), 343.

0000040, 444, 400.

3044004040, 4373.

3044000000, 444.

3040044000, 00040004, 444.

3000400, 4463.

3000004000 (40400), 444, 443, 444, 447, 4373,

Beneventum, civitas, 562, 563, 625, 588, 683,
348, 333.

30000, 4477.

3000043000, 843.

3004000000, oppidum, 373 004. 4.

3004000 4000000400, castrum, 443.

34600004, 4333.

34600000, 74 04 004. 0.

34440000 0044 3044400000, 4363, 4373, 4337.

330400040404 000 3004003340, 66, 4487.

34400440, villa, 223.

34040000, 735, 736.

340000, oppidum, 743, 353, 354.

3400044040, 323, 262.

30400440, 255, 4334, 4325, 4337, 4333, 4447,
4400, 4440, 4444.

304004 (444040), 453.

30400040, castrum, 453.

3040040, pro Bovario, 4333.

30040000 000 30040040, 287, 233.

Bononia, 004, 040, 000, 040, 040, 400, 4000,
4353, 4354, 4443, 4433, 4427, 4423, 4447.
30000400 (00300ρο440), 353, 356, 357, 353,

367 not. 4.

3004000440, 4345.

30400400, castrum, 446, 643, 737.

3000400005, 4463.

30040440, 40000, 547.

300040 40 Floram, 354.

300044000οι, 4322.

30440040440000, 432 04 not. 4.

304040, 0444400, 87, 88, 44304404. 0, 426, 434
04004. 4, 436, 443, 248 not. 4, 243, 223,
224, 233, 324, 335, 226, 227, 233 04 404. 4,
333, 235, 236, 237, 338404. 4, 233, 243, 244,
272, 234, 437, 342, 4443.

30444400 (4404440400), 435.

30404400 (0040000430), 445.

3040400040 (0004ωο04400), 76.

3000404400, civitas, 338, 443, 584, 637, 585,
686, 737, 833, 848, 843, 836, 337, 334, 333.

3000400004, 00040404, 433 4404. 4.

3040440000, 444, 868, 4366, 4367, 4363.

nuc-soram, 4437.

 

