INDEX Locomm

Primum, 000.

Faciam (lacus), 907, 900.

mmmm 000 Vatinium 000 mimum, 000,
700, 700, 700, 700, 707, 700, 700, 700, 700,
707, 700, 700, 700, 700, 703, 700, 706, 700,
000000, 000, 000, 000, 000, 000, 000, 000,
700, 709, 700, 700, 700, 700, 700, 770, 000,

Fumo, 0000, 0009.

0000, civitas, 000, 000, 000, 000, 0000.

60000000 (ecclesia), 000.

animumn, 0000.

Gallia, 0077.

Gallum, 679.

00000αο0, castrum, 000.

6000000000, 0093.

000000, insula, 070, 070, 070.

0000000000, 700, 700.

Gamla, 900.

0000000000 seu 0000000000, 0000, 0000.

6000000000, 0060.

Gemmarum, 909, 0000. ’

Coracium, 006, 007.

Germania, 000, 000, 000, 097, 000, 600, 0000,
mo, 0000, 0000, 0000, 0000, 0000.

0000, castrum, 000, 000, 000.

0000000000, 0007.

0000000900, 70.

amimam, 0000.

6000090, castrum, 007.

Gadium 000 Gnatam, castrum districtus 0000-
mani, 000, 000, 000.

6000000090οη, 000.

00000τοὶ0000, 0007.

Graecia, 000.

· Graecum maro, 0003.

0000000, 000, 707.

Grata, civitas, 0, 0.

(hin, 0080.

6000000000, 0000.

&immusicum 00.

6000000000, 0000.

ewaldum, 000000, 000.

0000090000, 009.

0090000000 seu 0000000000, 0070, 0070, 0070,
0000000000.

flamine, 0000.

Balla, 0006.

Basilo, 0000.

00000000, 00.

00000000, 07.

0000000οο00, 00, 07 000. 0, 060, 900, 007.

Hermia, 0003.

Hesperia, 0099.

Himerio, districtu8‚ 000.

Hispania, 007, 000, 030, 0000, 0000, 0007.

Histria, 000, 000.

0000000000·οι (capella 00), 0000.

0000000000, 0000.

00000000, 0000.

00000000, insula, 000.

ammaum, castrum, 600.

010000, 0000.

00090000, 0000.

0000000000, 000, 000 00 000. 0.

Ham, 0060.

1100000000, 000.

0000000000, 0000.

1100000000οη reanum, 0000.

Hypolimdors, 00.

laromam, 000, 000, 000, 000, 000, 000, 007,
070, 700, 700, 700, 707, 000, 000, 000, 000,
097, 090, 000, 000, 900.

10000, 0097.

10000009, 0007.

100000, civitas, 600.

1000000αο000, advocatia, 07.

10900οί0900, 0000.

Insula, castrum, 700, 700.

Insula propo 0000000000, 0000.

1000000000, 0000, 0000.

0000000000, 003, 000, 700, 700, 706, 700, 700,
000, 007, 000, 000, 007, 900.

10000000, 00.

Isara, flumen, 009, 090, 060. ’

10000, castrum, 0000.

isernia, 0000.

100000,00, 00, 000, 003, 066, 000, 000, 000,
300, 009, 076, 007, 007, 009, 090, 000, 900,
0007, 0003.

lucium, 00 0, 700, 700.

ludera, 700.
lanua 00 000000ιο00 communitas, 000, 000,

0000, 0060, 0000, 0060, 0000, 0000, 0006,
0000, 0000, 0000, 0000, 0000, 0000, 0000,
0000, 0000, 0000.

Jerusalem, 090, 000.

loa. 730, 900.

 

