1³04 INDEX 6104116664.

16464464 46 66666, 646.
16464464 664646464, 666.
16464464664666464641164464 do 11666614, 4466

(forsan idem).
16464464 6646646664, 666, 661, 676.
16464464 46 066, 664.
44444664 44 omna, 646, 644.
16464464 46 6646416, 616.
16464464 6646464616, 464.
16464464, praepositus 4464461646 66464444, 466

4 mm 4464664664.

1646444464 46 46416, 66164446, 446.
1646444464 46 4641446, 744, 774.
164644464 46 1466644646, 446, 664, 666.
1646444464 4664464, 666, 466, 666, 666.

l 1646444464 416 44446, 664.

16466464 416 4464616 647.
1646444464 416 146446, 646.
’1646444464 46 44646646, 617, 646.
1646444464 16414444, 1466.

164644446646116, 4664646444646444144, 444, 4 1646444464 464466464, 646, 4661.

446, 446, 666, 667, 666, 664, 746, 774, 666,Ι
664, 616, 666, 646, 644, 666, 664, 666, 666,
664, 666, 664, 666, 4447.

16464464 6446464, 466, 464. 4.

1646446446 04466416, 4666.

16464464 66414, 666, 666.

1664446446 66164446, 6644446144, 444, 446, 6644.

1664464 66446144, 164.

1646446446 6646446 6461446, 4667, 4666, 4666.

16464464 46 416446 4164446, 666, 666.

16464464 46 6466646, 661, 664.

1646444464 4664666446, 641.

16464464 4164646116, 646.

16464464 1446664464, 4446466464 66444666, 466,
466, 667.

1646444464 cle 46444446, 674, 676.

1646444464 46 46466146, 766, 766, 764.

16464464 66616466 11446664, 666.

16464464 6446444444, 646, 646, 667.

16464466 66141644, 4466.

16464466, episcopus 6466666661416464, 466,

16464464 1146964466 6646464, 666.

16464464 66466444 1164464444, 766.

1646444466 1166446464, 4446.

16464464 416 4164466, abbas, 167.

16464464 46 466464, 766.

lammam 64646, 46464464, 664.

4 16464464 46 4616, 767.

1646444466 46 46464616, 644.
lohannes 44446, 466, 464, 664, 644, 664, 464,
mmmmmmffimm

- 4444446444 monteforti, 646.

1646444466 16444464, 466.
16464664 46466, 666.
1646444464 1464466464, 666.

” 1646444444 6666464, 616, 617.

44444444 64 44446444, 444, 464, 646, 664.
16466464 416 4644644446, 746, 747, 746, 646.
16464464 46444466, 614.

1646444464 meander„ 646.

1646444466 4646944446, 664.

16464464 664464 41446444 , 666, 416.
16464466, 146164 Petri 1466446, 716.
1646444464 66144 46414444 , 714.

1646444444 1444644464, 664.

4 mmmm, 444.

1646446446 Polo, 764.

, 164644644666414664, 766.

1646444464 44646644,41461661>46466466 416444466,

16444464 4416466464, 64444 palatii 46464446,

16444444 46 1466446416 Capua, 144, 444, 116,
646, 664, 444, 646, 464, 464, 664, 446.

16464466 46 4446416 seu 1446414, 666, 666, 666, 16464466 46 4464446446, 667, 666, 664.
671, 667, 761, 766, 766, 764, 646, 666, 667, 1 16464464,61466 66664414 de 64641646, 664
644, 4644664. ¹ ammonendo, 446, 644.
1646446446 1444644644, 666. 16464464 46 6646116, 616 64 661..6
16464464 416 1646646446, 614. 1 1ο464464414666444,641.
164464464 46164466 16146446, 467. 16464446, 64166 aicardi 46 164, 666, 661.
164644661641644 seu 46 164466, 66, 466. 1646446446 116646, 746, 664.
4444444444 4444444446, 664. 666. 4 soum 44 nom, castellanus castri campa-
1646446446466464146, 664, 676. 6466, 746.
16464464, 614664664444141466466464144, 666 1646446446446464414646, 666.

 

