1292 mou 1001101110.

0000000000, marchia 1000010000, 100, 000,
100, 000, 100, 000, 000, 017, 000, 000, 000,
000, 000.

0000000000, 1000οή00010 00000000, 170, 070.

0000100000 01000000, 000. ·

0000100000 00 000000, 000, 000.

0000000000 00 0000000010, 010, 070.

0000100000 00 80001011, 000.

00000000000, 70, 000, 000, 007 00 0000. 000.·ος
’000, aaz 00. 0, 000,000,000,000,0000,
aaa, 0000, ma. 000. ·

Baaaa 00 maana, 0000001000, 010.

0000010000, mercator 00 100ςὶ000100, 000.

Bappo 00 numan, 100.

aonam 00 cortona, 01000 aspona ,11οσ0101,

000 000000, 000.

0000000 00 Mandata, 070 01 001. a.

0000, decanus 7000000000, 001.

000 00 Carmo, 001.

00000000 00 0000000000, 000.

0001001100 (1000000001, 000, 010.

arama (domini 00), 000.

0000000000 sau 00000000, 100, 000, 100, m,
000, 000001, 00, 000, 0000, 000, tw.

00000000 00 0000000, 000.

0000010000, 0110010000ιί, 1000, 0000.

0000000000 cavabam, filius ugonis Oomn'n.

00110 00 0000000000, 000.

aurat-aram, 0010.

0000000000, 0000001υο 00 (00001100οω10, 1071.

0000000000110100000010 abbae, 0000, 0000,
0100, 1000.

0000000000, comas da Zalre, 0000.

0000000000, 100110000ηεί0 praepositus, 0000.

0001000000, 1100.

00000000 00010000, 000.

0000000000 00 0000000000, 010.

0., abbas Sancti Gaui, 70.

0., cardinalis, 1000.

0., conversa, 0000.

0., decanus 100100000οω110, 0000.

0.,001000010001000000, 00, 00, 01, 000.

cocciacoma,rocaorhospia1ia Sanctae nain
da 00000, 1107.

000000900οτ0, 000, 0001.

Calabriae (00000000), 000.

calabrae (00011100), 000.

0000000001, 000, 000.

000000100010100), 000.

0000001000 flamia, 000 duat 0.

mh 010 0100000000οί , 000.

000001ψο (domini), 000.

capace (000000), 00ος 000, 000, 000.

00000000 (domiai 001, 000.

000010000000 0001000000οο 00 maa, 000.

00000, magistu, 000.

(0000010000ου00 Papia, 000, 000, 070, 070,
700, 000.

00000000 00000000, 010.

comm, m 00000100, 000.

0000100 00 00010, 000, 000.

catanae (000001 00), 010.

00000, nahiep'ampus 1000000ομ10,000.

0000100 Alana (00001000), 010.

0000011000, 000.

catenatas 0700001οο000οε, 001.

0000000000 00 cnm, 000, 070.

00001000 Mutamus, 1000000000, 000, 000.

0000100000 Papia, 000 00 000. a.

0000000000, 000.

001000ςο0000 11000000, 700.

aulam 10000101 00), 000 00 000. 0.

0000000000 (homines), 005, 000, 007, m.

00., 01000000 7000000000, 000.

000001οο000 da 0000101000, 10.

chana, praepositus 0000000100 00 marga,

0000000000, naalma, 07, 00.

Chanmaas,1²risingansis 00000000, 000, 1000,
0007, aaa«, 0000, 1000,1000,0000.

0100000000 00 1100000000, 000.

0000000000 00 140000, 00.

chunradus uam, 07.

0100000000 00 00100000 sau 0010000000, eomas, 00.

chamaam, 000000 da Rakar, 00.

0000000000 00 1000οπ000, 010.

0100000000, abbas 0000000000 vinariensis, 100,

0000001100 00 Camino, 0010 01000. 0.

0000001100 homines, 700.

0000100000 00 0000000000, 100.

0001000 Stephani 00 Philippa, 007.

(1000000000 00 0100010, judex 00100 0000000100,
00, 00 et 00. 0, 00.

0000000000ίο (orda), 7, 00, 00.

0000000 capitulam, 00, 00.

 

