1³³0 mnu 4030444444.

1333333333), 334, 337.

mmm

Iustinopolis (capo d’lstria), 344, 343.

1333333433, 633, 797.

Karmina, 4433.

Housmam, 4499, 4334.

Korinm 333 chorium 333 44334334, oppidum,
Qmmm

, 34334334333334, 4343.

43343333), 43.

43343334 (convenius de), 4.

Lambri) (turris 33), villa, 333.

Lambini, flumen, 374, 337, 339, 439.

Lami, 434.

4334333333, insula, 333.

landrianum, vilia, 335, 333, 433, 439, 334,
333, 339, 333.

4333434343 333 tandilian, 4337, 4444.

Lateranum, 33344433, 433, 434, 433, 339, 334. 4 ;
mmmmwffimwffi
mwwmmmmwm

Lnnbnndorf, 37.

3333333333333333334

334, 334, 334 34 334. 4; 333 34 334. 4; 333,

479, 433, 433, 434, 433, 433, 437, 433, 439,
QQMQQQQQQ
333, 333, 334, 333, 333, 333, 339, 343, 344,
343, 343, 34 4, 343, 343, 343, 349, 349, 333,
333, 334, 333, 333, 333.

43334333 (abbatia 33), 433 34 not. 4.

Lazaro (33343343 33), 493.

Laboro, castrum, 433, 433.

Leito, flumen, 474, 473.

mmfflfflwwffl·

mmmmmwn

433333, 4374, 4397.

4333444433 333 uinum, 434443, 4373, 4374,
4393, 4397.

443343, castrum, 444, 333, 933.

443443 (ecclesia), 439.

4433343, 374, 343.

4434934333 (bastin 33), 334.

433343 (plebs 33), 333.

laniis· (3333343333), 473.

4343433343, 73, 73, 97, 93, 94, 444, 433, 443,
334. 4; 433, 449, 433, 434, 447, 443, 447,
333, 433, 337, 333, 373, 393, 399, 333, 334,
343, 333, 393, 334, 334, 333, 337, 344,
334. 4; 394, 433, 439, 494, 373, 344, 333,

333, 333, 33, 343, 343, im, 4334, inni,
mfflwwmm

4333, 43.
lauwini, 4434.

434334, 749.
min· pro 43433, lonis 43 44333443 3333333-

3343433, 343 34 334. 4.

lucensis (3343333343), 333.

Lucerini (33343343), 434.

wffimssmmmmwfflz
mmmmmmme
394, 933, 9444, 933, 993, 997, iii, 337.

43333343 (3343333343), 333.

4333334434, 494, 339, 333.

3333333333 (343333343), 474, 474.

balianum, castrum, 443.

43333333 sou 43433333, 333 muman, 43
334 iunoniam, 349, 344, 379, 333, 337, 943,
mwn

Hnoeiennionii (3333333), 344.

mmfflmwmm

443443, 433343, 934, 933, 939, 979, 974.

mitian, 73. ’

4433334333, 4974.

Hannonis (334333), 33443, 333.

1334333433 (4), casuum, 493.

mmmm.

mmuwnmmfflwnffl

4433444343, 333.

umen, 93.

Marinio, omum, 394, 393.

mmmmmmn

13334443, 397, 334. 4, 449, 933.

mmmn

1334333333, 943.

Harum, nastrum, 373.

ΜΜΜΜΜ.

4434333, 797.

Uatinium, 943.

unitim, 43.

mmwn

Maiam, 33343334, 333.

mmfflwwwn

licinianum, 437, 433, 433, 347, 339, 373,
mmmmmmeQ
433, 444, 433, 434, 434, 433, 434, 433, 433, -

 

