1288 mon 4401444044

Ammon 4444, 444, 444,

44444444 44 04444, 040.

44444444 44 Calvo, 049.

,4444444 44 4444444444, 417.

,44444444 do castronovo, 990.

,44444444 44 44444444, 040, 049.

,44444444 crucifixos, 990.

44444444 0444444, 944.

44044444 Dentis, 044.

44444444, 0444444444 opisoopus, 4444.

44444444 4444444444, 04 4.

44444444 44 4444444444 444 Eoum, 444444,
99, 409, 449, mot Μ. not. 4.

94444444 44 Homo, 047.

44444444 44 4444444444, 4474.

44444444 44 4444444444, 4404.

44444444, [4444444444 44494444444449,4097. (vid.
44444444 44 144444.)

44444444 44 0444444444, 4404.

44444444, 944444044μώ 444 9444444044ςώ
archiopisoopuo, 97, 400.

,44044444 44 1444444444, 040.

44444444 44 44444444, 94.

,44444444 44 Novaro, 099, 004.

44444444 4744444444, 044.

44044444 do 4444444444, 40.

44444444 seu oliverius 44 oenomao, 799 44
444. 4, 790, 790, 797.

,44444444 44 Hosio, 049 ot 4444. 444. 4.

44444444 44444444, 099.

44444444 4444444 44 4444444444, 04 4.

44444444, salzburgensis praepositus, 49.

44444444 semborum, 040 44 4444. 444. o; 074.

44444444, praepositus do 940444, 4404.

04444444 44 8444444444, 440.

atomos 44 Tylen, 949, 990.

94444444, comeo Tyrolonsis, 944, 990, 904.

44444444, primioorius 4444444ωεί4, 497.

,44444444 44 444444, magister ordinis 9444444444,
4444, 4444.

4444444, abbas 44 9444444440, 4479, 4474.

4444944444, 970, 400.

4444444444, 44444, 904.

44444444, 44444444 civitatis Joethopolitom,

44444444 44 4444444444, 990.

,44444444 loono, 494.

4444444444 44444444 44 44444444, 994.

4444444444444 4444444444, 009.

4444444444 44 4444444444, 090.
44444444 do 044, 049.
44444444, comos, 047.

’ ,44444404 mammem.

Alamanniae plincipes, 447.

,4444444444 9444444444, 449, 400.

4444444444, filius 44444444, 497, 499, 477, 400,
407, 099, 090, 099 44 4044. 444. 9; 099, 094,
000, 004, 409, 090, 090, 040, 071, 079, 074,
mmmmmmmmm
744, 747, 704, 709, 704, 704, 707, 700, 794,
799, 790, 047, 049, 049, 970, 977, 000, 097,
444, 444, 444, 444, 444, 444, 444, 444, 444,
444, 444, 444, 444, 444, 444, 4444.

,4444444444 44 4444444, 099.

,4444444444 04444444, 909, 497.

,4444444444 4444444, 090.

,4444444444 44 44444444, 999, 4440.

Alemanni, 70, 494, 400, 4004.

Almo 44444444, 009.

4444444 44 44444, judex, 944.

44444444 4444, 094.

Am 844444, 099.

44444444, ‚castellanos 944444, 990.

4444444444, filius Sexti, 094, 099.

44444444, fratrum pmodicatomm 444444, 4009.

4444444444 44 044444, 047.

44444444, abbas 44 4404444, 4900, 4900.

44444444 44 0444444, 099.

44444 (domini 44), 040, 044.

,4444444444 44 04444, 040. “

,4444444444 ao Z 4444, 047.

,44444444 44 4344444444, 940.

,4444444444 44 1444444444, 474.

Amo 04444 colzo, 094.

4444494444 44 torono, 099.

44444444, 4004.

44444444 4444444444, 040.

molem, 970.

4444444444, inmotos 44444444, 409.

,4444444444 44444444, 0440044444 144449, 494,
fflQmmmmffimm
097, 709, 790, 790, 744, 790, 707, 794, 009,
009, 004, 990, 907, 940.

4444444 44 Gomara, 000, 400, 004.

4444444 44 0444444, 094,· 090.

4444444 44 044444, mitonem 4 flumine 744444
noque 44 poton 44ω444, 444 44 4444. 444. 44
490, 499, 449, 400, 409, 404, 400, 490, 090,

 

