INDEX NOMINUM.

842, 826, 838, 858, 854, 852, 885, 894, 895,
soc, 999, sut, 999, 999, oso, 999, stu, 949,
mmmmm.

4949999 69 Gupuo 69 449999 4999499, 489 not. 4. ·

4944999449 (domiui do), 648.

4999996999 dc 0944499, 642. =

mwmwmmmwmmp

fflwwwmfflwa

mwwffiwfflmwml

4242, 4244, 4244, 4245, 4246, 4247.

Tuscus 69 894499, oto.

Tsdoidus Nupoicous, 4449.

teutpertus 449499, 856, 658.

49694699 dictus vicecomes, 488. ,

repictus ¹dc 449449994949, 999.

4999999999, 895.

4996999999, 247 oct. 4.

4999949944, 252, 288.

44959464999 69 0499499, 349.

9499694699 8999994499 69 Orosccutiouiiio, 324.

4499694699 4999949999, 422, 423.

4494999699 69 09999944, 4049.

4499694699 69 tccispcsmiud, 475.

4999699999, judex , 762 94 994. 4.

4499694999, comcs 69 elerstidi.

thiodericus, comcs dc Hostuisn, 4484.

4496994999, ijcctousis praepositus, 4484.

Theodericus, Trevirsusis archiepiscopus, 9, 49,
23, 27, 29, 38, 37, 48, 45, 89, 82, 94, 985.

Theodericus, ubbas 69 Wiihcring, 24.

449964999, 44.

49996999, ducissa 49949499, ts.

4499699999, magister, imperatoris philosophus,
556, 538, 727, 745, 759754.

48994 ..... magister operis lucus Fucini, 987.

4499499494, 94, 438, 448, 485, 487, 249, 246,

ditcutouicorum (domus ordinis), 26, 695, 696.

4994999999 ssu Ptolomeus 69 0994444999, justitia-
rius Vallis Gratis ot torrae Jordanac, 437,445,
mmwmmmmmm
mmmmmmmffim
mmmfflm.

44999999 turpissimarum comestis, 258,
mmmmmmffifflm
745, 836, 868, 872, 948, 959, 995.

4999994999, scuicrius,'19t.

ricciarius, 984.

4499999499, comm, 643 (vid. tiosos 69 Aquino).

4899999499, nuncius, 784.

4599999499 69 dcto, 444, 796, 999.

4499999499 49699499, 649.

7499999499 69 49944499, notorius, 4238.

4499999499 69 44999999, 266, 497.

4899999499 69 4494999, 972.

4499999499 69 449444994449, 624.

4599999499 69 Brundusio, 433, 449, 453, 483,
487, 488, 529, 538, dos, 598, 594, 592, 672,
673, 675, 764, 788, 789, 796, 848, 886, 889,
897, 984, 944, 957, 968, 4888, 4884.

numacius Bruuus, 748.

4499999499 4499999499, 647.

4499999499 Ooootossicus, 848.

4499999499 Copuouus, presbyter cardinalis 94
legatus Papus ud Fridsricum 11. 84, 75, 76,
77, 78, 93, 337, 343.

4499999499 69 0994444999, 559.

4499999499 69 44999999, 894, 859.

4499999499 69 466949, 649.

4499999499 Fabiani, 888.

4999999499 4999944999, 574, 575.

4899999499 For dtur (i), 929.

4499999499 69 Goliam 69 4994499, 749.

4499999499 69944449, 628, 864.

4499999499 69 499, 844.

4499999499 69 44999949, 648.

4499999499 449944949999, 623. ’

7499999499 4499999449 ssu 4499499999, 445,
624.

4699999499 69 4499499999, 546, 547.

4499999499 69 44944949, 643.

4599999499 69 Moutcuipro, justitiarius Principu-
QQQQQQQMQ
mfflmmmmmmm
859, 873, 875, 884, 889, 898, 948, 958, 984,

4499999499 69 Orus, 624.

Timasius fitius 09999964, jnsuunrius Basilicu-
QQQQQQMMQ
mmmmmmmwm
mmmm

4499999499 Popouus, 978.

4499999499 69 iiico Nipro, 64 3.

4499999499 69 4499999999, marchio, 288, 283.

4499999499 69 Supouorio, 548.

4599999499 89994999, 554, 555.

4499999499,999999599 Sancti 4499949944 69 Urbs,

 

