mnex NOMINUM. 1289

wmmffimmmmm
mmmmmmmmm
mfflmmmmmmm
954, 955, 958, 978, 974, 975, 984.

44454444 54 544444, 544.

44454444 5444444444, 884.

4454444 5444454444, 545.

4454444 54 lennem, 448, 559, 557, 558.

4454444 4444444444, 4454.

4454444 5444444544, 548.

4454444 4444444444, 544.

4454444 54444444 544444, 549.

4454444 [4444444444 4444444444, 588.

44454444 54 44444544, 755.

4454444 sepham· 54 54444444, 455 44 not. 4.

4454444 74444, 558. ’

445444444444 Viennensis 44 44544444, 485, 488.

4494444444 4444444454, 444.

44444444 4494444444, 448.

44494444 54444444, judex, 545.

44444444 54 Capua, 555, 584, 744, 748, 745,
ΜΜΜΜΜ

44444444 4444444444449, 444, 478, 555, 544, 588,
mmmmmmmmm
mmmmm&

44444444 54 Fue-aeia, 549.

,44494444 44444544444, 754, 4445.

,44494444 54 544444, custos aerarii S. 5444444444
ad mare, 455, 455, 457, 445, 448, 444, 445,
484, 445, 454, 454, 455, 455, 457, 474, 474,
ΜΜΜΜΜΜΜΜΜ

mmfflffimmmwml

748, 755, 758, 757, 755, 757, 758, 759, 795,
854, 857, 845, 888, 885, 855, 854, 854, 885,
884, 954, 958, 959, 545, 948, 944, 547, 948,
957, 958, 4555, 4554.

44444444 444444, 559.

44444444, notarius, 748.

44444444 54 4444454444, 558.

44444444 4444444, 554, 555, 557, 558.

444444, 4454.

444544544, mereator Romanus, 558.

,44444544 54 44444, ammiratus regni, 548, 4458,
4455.

,44444544 54 444444, 557.

, 44444544 54 44444, 548.

44444444, 944.
4444444444 5444544544, 548.
4444444444 54 Pente 44444444, 944.

4444444444 5445444, 885, 887.

4445444444, cuseos fratrum minorum super 44-
cum Censteneiensem, 4459.

4444444444 54 9444544444, 5484

,4444444444 54 74444444, 545.

44444444444544444444444444, 544.

444444444 54 Perre, 544.

,4444444454 54 4444444544, 549.

44444444 444444, 444.

44444444 54 4444444, 84 9.

· 4444444444, 448, 845.

444444, 449 net. 4; 885.

4445444444 54 444444 sertore, 849.
4444494444 44444 4444445, 545.
44544944 54 44544944, 544.
4444444444, 454.’

4444444444 (domini), 544.

4444944444 84444454· 5444444 4444444544, 545.
4494444444444, 89.

44444444, 4444444544 4444444444, 945.
4444444444 54 lenzam, 745.

44444544 54 04444444, 547.

44444544 de 54444 4444, 945.

dmm 04444444, 4445554554 Altivillan‘s, 4454,

44444, diaeonus, 4498.

44ἑ4ἑ4459474, praepositus 44 decanus 54444444, 95,

44444544, archiepiscopus celeniensis,'⁴87.

44444544 54 5444444444, comes, 59, 75.

44444544 54 Les, 887, 4445.

44444544 54 4445444444, 484.

44444544, abbas monasterii 444444444444, 454.

444444, uxor 4454444454 44444444, 755, 754.

,44444444 54 4444444454, 795.

4444444444, filius Pauli de Vico 444444, 544.

44444444 54 044444, 548. ’

444444444, 447, not. ⁴·

Achemene 5444444444, 984.

444444444444, 458, 459, 455, 475, 489.

44444444 seu 444444, 854454444444 4444444ρί444-
pus, 494, 495, 495.

4444444444 54 5444454, dominus de ereseaco 44
54 444444-44444414, 4444.

’ 4444444444 54 14444444, 459, 495.

demde ligre, castanaeus 544444 maris de Vel·
o, .

444, marchio 4444444444, 449, 455, 457, 455, 84 8,
4ωω444ω44

 

