1168

1311144441 14 Sueten, 766.

1131114434 14 744414, 611.

netem 34 venetiam, 344.

1134444 414 nonnette, tte, 111, 611. “

1143414444 14 144444, eet.

1411414444 14 64443443, 646.

1411314444 14 1144413, 616.

141144344414 14141344, 611.

Mediolanenses, 76, 166, 114,416, 164 41431. 4.
433, 134, 434, 433, 434, 433, 444, 443, 414,
444, 443, 444, 444, 413, 444, 434, 444, 343,
334, 344, 444, 334, 433, 334, 344, 344, 444,
mmmmfflQme
444, 434, 433, 444, 444, 444, 343, 433,
4333, 4334, 4343, 4443, 4334, 4433, 4344,
1641, 1676,1676,166”1, 1416, 1416, 4411,

141144 1144341144, 616.

1414444144 14 11441414, 334444, 161, 161.

14413444 (peregrini), 166, 667.

1414493444 14 Baro, 616.

4143144444 1364443144, 611.

4141411441 (domini), 646.

Nereine 1414414413, 646.

41141441 4141444413, 676.

41131441 Geminae, 666.

1114144114 134414, 617.

11141444 Petri 1414441114 Sene, 667, 666.

111114414414 1134444313, 761.

11111144 14444144, 4114444144, 1441144, 413. 116,
not. 4.

11111444 1144144141, Cremonenses, 1444144444 41
43, 343.

1114444444, 1117.

13114441411444141 4141, 646.

13444114441144113444, 616, 676 41431. 41.

1134444144 1134413444, 616 41431. 1113441144
11444).

11414414444144 14 6346444141 14 64444411341-
41, 611.

1134144444 14 1441341443, ete.

134141434144, ttius lobannis eiecatten, 167.
13413444144 6414444444, 661.

114414 144131144141 14), 616.

1144144641 (domini 14), 616.

nones 144414 1143441444),666.

1434441444 1134194134, 616.

11341444 neu 1441444146143414, 116, 614, 611,

mnu 1014111111.

4134444 (domini 14), 611 41 431. n.

414444 sennen, 616.

1444144 14 castronovo, 616.

umens 6441441444, 766.

41444444 een 144444, senne, 616.

1441444 14 641144, 611.

uectem, 444, 444, 444.

N. 1414414144, 116, 441. 1.

N. 1144441144, 446.

1., 411441411144444441, 6.

1., ebbae 14444 Frigidae, 161, net 1.

1., ebbae 644411 61414131 apud tegentem, 667,
334, 334, 4344.

1.,414444 4444414411 senene 144414, 14 144-
1414, 16.

1., ebbae 644411 Stephani 14 114444, 1666,
4334, 4334.

1., nbbu Cempidnnennie, 71.

1., ebbae 6444144414, 166.

1., ebbae 4441414411 64444413, 617.

1., ebbae de Chotwinh (63144131), 6.

4., attendentem, 4444, 4434, 4444.

1., abbae 14 1144444114, 1111,1466, 1146.

1., ebbae clunianensis, 1111, 1166, 4146.

1., ebbae Eiweneneis, 61, 16.

1., 461444 Fiscianensis, 1111, 1166.

1., 4164414414444414, 1411.

1., 41144 Sancti Stephani 1444444414, 1661,

1., ebbae 1144144411, 161, 441. 1.

1,, 4114414014414144, 61.

41., annes ne 444, 4444, 4443.

1., 4614414114, 1666.

1.,4141444 14 Pietate 641,1111,1166.

1., 4141444 tremonnenneie, 1116.

· 1.,4141444 644311 14141 14 Regin, 666.

1., 414144 64436 14444414 1414411, 161.

, 1., abbae sanationis, &meinimis 61611111,

1134444444 1134444414, 1111.
1., 4141444 14 Salem, 1161.
1., ebbae 6441414344, 1111.
1., ebbae 6443144 Nerine in Seitenetetten, 1.
1.,4141444144444 44414414143444414 (t), 161,
Nm„ 4444441144 6341344444 apud 11444444,
effaetas 4443 vincenti, 444.
1., 4141444 4444441444 14 winingen, 16.
1.,4144464441411414, 1.

 

