1314 1444499 nomm

9444444444 44444494, 449.

9444444444, mercator 94 9444944444, 999.

9444944944, 4444444444 isaiae, 999.

9444944944, praepositus in 4444444, 49.

9444444444, 979.

44444444 9444944944, castellanus 94444449, 949.

94444444 94 4444444444, 944.

44444444 94 9499444, 4999.

4444444444 94 94444444, 997.

4444444444 94 444444 444444, 944 44 noi 4.

9444444444 94 44444444, 949.

9444444444 444444, 999.

9444444444 44494444, 94 4.

44444, 444, 444.

944444, judex, 949, 999.

944444 94 49444444, 449.

444444 94 4944444444, 999.

444444 94 4444444944, 997.

444444 94 4444444944, 994, 979.

Petrus 4444444444 (forsan 494444), 449.

944444 444444444, 744.

4444444 94 444444, 949.

444444 9444944444 44944444, 994.

944444 94444494, 999.

944444 49444494 4444444444, neuterius 94 94444444,

444444 9444449444, 999.

4444444 94 44444444, 999, 994.

944444 9444444444, 949, 999, 999.

444444 94 Boionio, 949.

Petrus 44444, 444, 444.

444444 4444444, 94 9.

444444 94444444, 949.

944444 94 94449444, justiciarius 94444444, 999,
ΜΜΜΜΜΜΜΜΜ.

444444 9449444, 999.

944444 94 9444444, 999, 999, 994.

444444 94 04444444, 947, 949.

444444 94 04444, notarius 4444444, p. 999, 449,
494, 949, 949, 994, 999, 999, 999, 999, 994,
997, 999, 979, 999, 994, 997, 749, 744, 749,
749, 744, 749, 749, 799, 794, 799, 799, 799,
ΜΜΜΜΜΜΜΜΜ
wmmmmmmmm
999, 999, 999, 997, 999, 949, 949, 949, 999,
mmwmmmmmm
999, 999, 999, 997, 979, 4904.

9444444 eurwini, 979.

944444 9449444444, 994.

944444 94 04444444, 994, 999.

Petrus 94 9444444, 4974.

4944444 0444449444, 994, 999, 997, 997, 999, 999,
999, 4999.

944444 94 94444444, 999.

4444444 94 9444444, 4444444444, 99.

944444 94 4444444 74444444, 799. Ι

hmoemmm

Peim 044444 444 canu, 494, 499.

944444 94 0444444444, 994.

9444444 94 04444, 944.

944444 94 94444444, 4997.

Petrus 4444499444, 999, 999.

444444 94444444, 999.

444444 94 44444444, 794, 794, 999.

944444 94 449444, magister, 499, 499, 94 9.

944444 9444444444, mercator Romanus, 499, 499.

944444 frajapanis 444 9444444444, 999, 999
44 noi. 4, 94 9.

4444444 94 aarum, 999.

944444, episeopus 94494444ᾰὶ444, 499, 499,
Qfflm

4444444 94 Guarceno, 4999, 4999.

44444 4 444444, 444.

4444444 4444444444 444444444, 994, 994.

Pom· 44444444 44444444, 749.

444444 44494, 999, 449, 447, 499, 999.

· mmwmmmm

immmmmmm
944444 9444944944,4449494444444 Reginus, 4999.

. 444444 94444444, 749, 749.

Pom· 4444444444, 999, 999.

Poenis 4444444444, 999.

494444 4444444, 999.

9444444 9444494444, 999.

944444 94 94444444, 994.

94444494 44444, 4997, 4999, 4999.
444444 94444494, 944. ’

944444, 4444444 94 9944449494, 949, 999.
Pam 94 Noa, 994.

944444 94444444, 999.

Pam 94 099444, mercator Romanus, 999.
444444 099444 844444, 997.

944444 0444444, 4999.

Pom· 94 94444, 499, 497.

944444 94 Capua 4444444444 444 4444444, 994, 999 444444, nepos 94444 Boii, 999.

mmmm

94444494 94444, 44944 not. 9.

 

