im 1666661 somnus.

innuimus 66 turinnes, 667.

snum 66 Curis, 66 6.

mmm

mmnmmm

laurentius 66 06666, 666.

laurentius 66 Brundusio, mutinensia, 667,
666, 667, 676, 676, 677, 766, 766, 766, 766,
766, 766, 766, 766, 766, 766, 766, 766, 666,
wmmmmmme
666, 666, 667, 666, 666, 667, 666, 666, 666,
mffimm‘

6666666666 Alterius, 666.

murnum 7666666666, 667.

6666666666 66 liiiio, 666, 666.

6666666666, 666666 66666666 66666, 666. .

laurentius 66 66666666, 666, 666.

laurentius Psisi 66 66666666, 666.

numnius, 7666666666 spiscopus, 666.

666, frater, 666.

too, minister 6666666 uiuorum, 666.

beu Bsiius, possumus 866666 Canidi, 666, 666,
ΜΝ

ltu 66666666 ssu Bnnnssisnn, 666, 666, 666.

666 66 Bononio, 66666 smmis, 666, 666.

1600 uflvstmm, 660, ⁸⁷⁴·

ιω 666666, 666.

6666666666, 6666.

leonardus 66 6666666666, 666.

6666666666 66 666666, 666.

6666666666 66 Geniis 666 conciso, 666, 666,
666, 666.

6666666666 66666666, notarius, 66.

6666666666 6666666666, 666.

6666666666 66 666666, 666.

&ennius 66666666· 66 66666666, 666.

tenuram 6666666666, magister, 667.

66666666166666666, 666.

6666666666 66 6666666 ssu Ρ66666, 66, 66.

liutoldus, archidianonus (6666666666, 666.

liutoldus 66 6766666666, 66, 27, 666.

mmmmm

66666666 0666666666, 6666.

66666666 66 66666, 666, 666.

umwwmm

6666666, 6666666666 magistus, 676.

Liuineius 166666, 666.

liupoldus, dux 6666666 66 stirias, 6, 6, 6, 66,
66, 66, 66, 66, 66, 66, 67, 66, 66, 66, 66,
66, 666, 666, 666.

6666666666, 66666 66 66666666, 67, 66, 66.

bunius 66666, 667.

6666666ὼὶ666 66 766666, 767, 766, 766, 766.

mmfflwwmwwm
mmmmmmnmm
mwmmmmmmm
mmmmwmmfflm
wmwmmmmwm
smmwwwm

66666666, innuimus 6666666, 6666.

uon 66 1666666, 666, 666, 666, 667, 666.

1666666666, (6666666666 nunnus, 666, 667,
666, 666.

usn (domini 66), 666.

6666666666, advocatus 66 munuum, 6676.

memmmm

16666666, 66666666τί666· 66666666 66666666,

6666666666 116, rsx 6666666666, 666, 667, 666,
6666, 6667, 6666, 6676, 6666, 6666.

ludovicus, landgravius 7666666666, 676, 666.

6666666666, filius flensici 66666666 dunis, 66,
66, 66.

Mindius, 666666 66666666, 6, 66.

6666666666 0666666666, 666.

66666666 66666666, junx, 66 6.

Lupo, 66666, 666.

166666666,66666666666 burgravius, 6666, 6666.

66., 6666666666, 666.

1. 66 Pissis, 666.

1.,866666666666666 6666666666, 6666.

166666 66 66666666, 666.

Unio 66 iussus„ 666.

Unius 66 6666666666, 666, 667 66 666. u, 666,
mmmmmmm

Huius· 66 Planesium, 66666666 mmm, 666,
QQQQQQQQQ
mwmmmmmmm
666, 666, 666, 666, 667, 666, 666, 666, 666,
666, 666, 666, 666, 666, 666, 666, 666, 666,

ssussnsnnssnnsmunsamsflss..¹

mmmmmmmmm
676, 666, 666, 6666.
6666666666 66 uum, 666.
6666666666 86666666, 767.
6666666666, 6666.
1666666666, abbas 6666666666 chromis, 66.
6666666666, 6666666666 6666666666, 666.
Nunnius 66 66666666, 666.

 

