666666666666. 6666

86666666 66 sanas, 766.

66666666 66166, 66 caserta, 689, 686.

66666666 66 Mirum.. 886.

86666666 66 666666, 6666666 Montis Draganis cas·
asianus, 769.

86666666, notarius, 869.

6666666666, magister, 676, 696, 766, 767, 888,
889, 896, 898, 889, 966, 989, 886, 978, 979,

666666666 66 Asylum, 66 6, 869.

6666666666 66 86666666, 666, 888, 888, 899, 969.

6666666666 0666666666, 667.

6666666666, emersae 666666, 886, 967, 689, 888.

1666666666 6666666, 666, 896.

6666666666, camos Diagonia, 866, 866.

6666666666 Farina 66 066666666666, 776.

6666666666 66 6666666666, 978,

6666666666 6666666666, regni Jerusalem balius,
969, 966, 699, 696, 789, 767, 868, 869, 6889,
izai.

6666666666 66 66666666, 666.

6666666666 66666666, 667.

6666666666 66 66666666, 66866666. 6.

siwardus 66 Lasaia, 796.

6666666666 66 Lentino, 669, 666, 688, 689, 868.

6666666666 66 laria, 666, 668 (idam forsitan qui
66 666666 quoquo 6666666.)

6666666666 66666666, 686.

6666666666, filius Maigsrii, 668.

6666666666 66 66666666, 669, 686.

1666666666 66 66666666, magister marescallae Sici·
mamsmma

Biscardasdeiiomasusaolo, justitiarius capitana·
Qfflmfflmmmmm
mwmmmffimmm
696, 696, 768, 786, 796, 766, 786, 799, 866,
868, 868, 869, 876, 886, 987, 996, 987, 969,
966, 966.

6666666666 66 6666666666, justitiasius Terrae La·
boris, 978 666. 6, 696, 687, 699, 666, 666,
ΜΜΜἨΜΜΜΜΜ
676, 689, 696, 667, 668, 669, 666, 686, 686,
mmmmmmmmm
mmmmmmwmm
mmmmmwfflmm

ffimwmfflwfflwfflmssffim

mmm
6666666666 66 6666666666, 686.
6666666666 da Poleam sau Paiaaro, magister 66·

V. ama

merarius, 686, 689, 686, 697, 688, 666, 668,
MQQmmmmmm
fflfflmsmfflmffimffimw
mmmmmmmmm
mwmmmmmmm
666, 666, 666, 666, 666, 666, 666, 666, 666,
mmmmmmmmm
966, 967, 868, 986, 986, 966, 968, 969, 966,
968, 966, 968, 997.

siccardus 66 666666, hostiarius, 869.

6666666666 66 Rosa, 688.

6666666666 66 Sancto Gamsano, 666, 668, 868,
mmmm

6666666666 66866666166666, 667.

6666666666 da 86666666, 666

6666666666 86666666, 668.

6666666666 da 86666666, 898, 699.

6666666666 66 Tito, 668.

6666666666 66 96666666, 686, 666, 669, 668, 669,
mmmmmffiffimm
mmwmmffimmm
mmmfflfflfflfflmffi
mmmmmmmmm
mmmmmmmmm
868, 888, 899, 897, 869, 96 6, 969, 986, 987,
666, 666, 666, 666, aaa (66. aimardus, 66-
6666666.

6666666666 6666666666, 688.

6666666666 6666666, 866, 867.

6666666666, sames Cornubias, 698, 666, 666,
awmmmmamm.

6666666666 Camerarius, 6696.

6669666666 8666666666, 986.

66696, notarius, 668.

6666666666, 86, 668.

asprandus 66 66666, 386.

86666666, eomes de Sancto Boniiaaio, 669, 876,
369, 366.

86666666, nuntius 66 vicarius potestatis Vican-
666, 866.

86666666 66 6666666666, 886.

6666666666 66 6666666666, potestas 6666666666,
968 66 noi. 6.

66666666, 6666666666 comas, 6686.

66666666 66 Bassa, 666.

86666666 66 0666666666 6666666666, 969, 686.

6666666666606666,66666666666666666666, 6886.

sebertus 66 fontanarum, 666.

6666666666 66666666, 866, 866.

666

 

