4666 ’ renes 6664666.

444466 64 44444 de 664646, 976.

44666 66 64646646, 967.

44666 de 4446466466, 999.

444466, vernensis episeopus, 494.

66664666, milne, 66.

4466644464, 666.

4466644664 64 646666, 669.

4466644466 66664444 446664, 449.

4466644664 de 4664666644, 669.

44666446, 9464466646 episeopus, 466, 499, 496,

6664664466, 6446644666446 archiepiscopus, 999.

6646664464 66 6644646644, 494.

6646664464, 44466446 episeopus, 969, 966, 966,
966, 966.

4466664464 66 466466, 966, 966.

ildebrandinus 6646646664, 4466.

4466444466, 466 64464464666 66 44466646, 466 444·
646666, 666 44666646, 97, 66, 69, 66, 66 64
4494. a.

4464666464 044664464, 644.

16664664 8466444464 de Gentibus, 699.

innocentius 111, 6466, 666, 4464. 4.

464646 (domini 66), 646.

446464664 64 0666666664, 49.

44666446, regis Angiorurn 66664 64 uror 64466-
446444, 469, 664. 9, 696 64 664. 4, 677, 969.

146646 44466644 6664446464, 4466.

4664464646 446646464, 699.

4666664664 6666464466, 699.

4466464646 66 6666666446, 699.

4466466, 966.

Mwwn

4., Arelatensis archiepiscopus, 946, 996, 969,
969, 966, 967, 4449, 4499. ·

4., marchio brandenburgensis, 69, 999.

4., 06666664 666466666664,666,697,664,744,
799, 769, 769, 996.

466664664 6664664464, juder, 946.

4466664666 666464, 694.

4466644464, 664464 64646446 Canusii 64 4464646,

4646666, 964, 4466.

4666666 646664, 647. “

4666664 ,446644 6466444, 496.

. 4666666 66 Amnis, 699.

4666666 64 4466666446, 694 64 664. 9.

4666664 66 466466, 694.

4666664, filius 966644 44644, 669.

Ι 46666666464466,696.

ineius 66 6646446446, 699.

46666446 6646446, 646.

4666664 66 6646446 4664446464, 694, 696, 694,
ΜΜΜΜΜΜΜΜΜ
797, 796, 796, 769, 764, 764, 766, 766, 766,
mmmmmmmmm
mmmmmmmmm
mmm

innobet 64 664444, 644.

4666664 66 6666646646, vinarius 64664, 696.

4666644 de 64646646, 999.

4466666 6444644, 669.

4666664 66 6466466446, 646.

4666664 06666464, 949.

4666664 66 Cannis, 646 ei 664. 9.

mmmmmmnmmmnm
677, 694, 966, 969.

46666446 64 04666, 649, 696, 996.

46666464 466 04446446, 494.

46666446 66 06644464 664644, 646.

4646664 66 0644444 Neris, castellanus 4644644664,

4666644464 0644661446444464666646, 799, 4464. n.

46666446 66 064444, 666.

rmmmmn

4666666 06446 66 oea, 699.

4666666 446 4466644466, merarius 64666, 696.

46666446 64 4644444444, 649.

4666664 4446666664, [66666464 Romanus, 696,
Qm

46466446 4446466664, 699, 669.

4666664 6664644664 44444, 699.

46496449 66 nmio, 467.

46666446 0446664466 04464664,64444 4464444664,
996, 969.

46666464 66 0664664666, 699.

sewen 94666 n 446664, 444.

4666664 64 4446, 699, 666, 669, 669.

4666664 66 4446646, 766.

4666664, filius 4644444446 de 4466446446, 667,

46666464 446 6664646446, 766, 666, 666.

46666444 66 Lentino, 669, 967, 966.

4666664 Leonis, 646, 946.

mmmmmm

46666444 4444666464, 646.

46666444 64 6466464666, 699.

4666646 66 66466666, 649.

 

