1324 INDEX Nommm.

4444444444, abbas corbeiensis, 467. 4444444444 4444444464, 447.
44444444 7444444444, 965. 1444444444 11, rex Siciliae, 2594414. 6444444
4444444444, dapifer, 67, 66, 62, 65, 69, 59. 4444).
4744444444, praepositus 44 4444444444, 49. 4744444444 44 74444, 266 ot 444. 2 (CI. 44444444·
waharma 44444444, 27. 4444).
wichardus& 24644944, 56. 444444444444, archiepiscopus &fidebat-gendo,
4444444444, notarius, 4476. 226, 225.
44444444 2444444444, 62. 44444444 44 Dum, 4466.
4449444444 44 64444464, 65. 44444444, praeposiws 444 domo 844444 Georgii,
4444444, frater ordinis 7244444444444, 669. 69. -
4444444444 44 844444, 44. 44444444, praepositus 444 2444446444, 4496.
4444444444 ,44444444 44 74444444, 44429. 4744444444 44 6444444444, 4499.
7444444444, 4226. 4444494444, 4444444444 444444ςί4444, 455.
4444644444 44 44444644, seu 4444446444, 27, 7444444444 44 0444444444, 4442.

56 44 not. 4,· 66. 4444444444444 Lepido, 4466.
444444444474444444444, 42444. 4444444444 444444,444444’44444444444’4444·
4444444444 44 7444444, eomes, 72 <verisimiliter 944, 446 et 4444. 4,· 4262.

idem), Wolkmamdossommthm, 42444.
willalmus 444 44444444, 244, 242. 7444444444, scultetus de uagom, 4476.
4444444444 4494444, 4626. 4444444444 44 8444444444, 65.
4444444444 4404444444, 929. 2444444464444444, 524.
4444444444 44 4444444444, 4629. 2444444444 44 4444444464, 624.
4444444444, comes 44444444ηεί4, 967, 4446. 4444444 sive 04444444 Stephani 44 Philippo,
4444444444, praepositus Osnabrugensis‚ 99. 656, 656.

 

