INDEX NOMINUM. 1291

0444494τί44 44 0444494444, 000, 003.

0444494444 44 044444, 043.

0444404 04444οἰ4444, 064, 000.

Bernartius, 444444444444 episeopus, 007, 003,

0444444444, notarius, 304.

044444444 44 Amiterno, 640.

4444444444 44 44444444, 705, 706.

0444444444 044444, 034.

0444444444 44 4944473 44 444. 4.

Bernartius 8444444, 604.

0444044444, dux 4444444444, 0, 45, 46, 00, 04,
07, 00, 30, 33, 40, 43, 46, 00, 60, 67, 64, 000,
mmmmm

Bermrdinus 44 4444444444, 300.

044444444, miles, 4403.

0444444444 0444444444, 646.

4444444444 44 0444044404, 647, 874.

044404 44 8404444944, 008.

, 044404 44 4044044444εά44, 87.

0444444444 44 4444404444 ii), 494.

04444444444 44 44494494, 000, 003.

0440449444 44 04444444, 647.

0444449444 44 4444444444444, 604.

0444044444, patriarcha Aquilegensis, 0, 44, 40,
mmmmmmmmmmmm
030, 030, 034, 040, 044, 040, 044, 4033.

0444444444, marchio de 4444044, 475.

0444444444 44 04494, 70.

0444044444, capellanus, 4004.

0444444444, cicensis episcopus, 70.

0444044444 44 0444444444, 4003.

0444044444 44 4444440449, capitaneus Cumarum,
mmmmmwwmm.

0444044444 44 04404444, 4043.

0444044444, Spoleti dux, 4454.

0444044444 4444444444 seu 4444444444, 40,40.

0444044444 44 7444444444, 4473. vid. 0. 44
7044444. ⁴

0444044444, langravius (44 0444444044, 440 44
4044. 444. 4.

044444444, minister 44 04044440, 4000.

044444444, dux 4470444944, 437.

0444044444 44 Ζ 4494404944 seu 0494444449 pro
2494440444, 450, 406, 000.

0444444444 44 044444, prior Sancti Egidii, 304,

0444444444 44 Petra, 000.

0444444444 04444, 603.

04440444, 4403.

0449444444 44 Camino, 346, 4040.

0449444444,4444444 ecclesiae constantiensis 9444-
positus, im

0444444 74444444, 606.

0444444, mercator Romanus, 306.

044444, relicta mathei 44 440444, 706.

0444444444 44 Arena, 860.

0444444444 44 Lecto, 640, 740.

0444444444 04444444, justitiarius Aprutii‚ 437,
mmmmmmmmm
mmmmmmmmm
706, 740, 745, 740, 744, 706, 737, 740, 746,
735, 707, 753, 767, 770, 704, 700, 703, 340,
ΜΜΜΜΜΜΜΜΜ
mmmmmmmmm

0444444444 44 8444444, 643 44 ibid. noi. 4.

0404444444 044444, 036.

04444, mereator Romanus, 000.

· Boetius, magister, 304.

0444444444, filius Zlauconis, 4004, 4000, 4033.

0444444444, dux poloniae, 437.

0444444444 444, notarius, 044.

0444444444 44 0444444444, 300.

044444τεί44 44 0444440444, 300.

0444444444 44 044444, 043.

4444444444 8444444444, 600.

0444444444 44 44494, 300 44 4044. noi. 0.

0444444444 filius Stansae‚ 304.

0444444444 44 solario, 04 4.

044 44044444, 44444444 44 0494044444, 630.

0444444444 44 Cortona, 403.

0444444044 44 0444444444, 304.

0444444444, eustos camerae 1444444, 033.

04444444444 44 ,4404444 44 4444444 44 04444444,

0444444444 4444444 44 04444, 640 44 4044.
not. 0.

04444444444 44 Domina 4044, 304.

04444444444 44 00444, 430, 433.

0444444444 04440444 4404444444, 304.

04444444444 7444444444, 666, 367.

044444444 44 444444, 304.

0444444444 44 4440444444, 034.

0444444444 0444444444, 300.

0444444444 44 0444444, 600.

0444444444 44 0444444, 4007.

0444444444 44 0449494444, 043.

0444444444 44 4444444444, 644, 074.

 

 

