1300 mom Nommm.

448488488888 Pruna, 888 8888888, 888 884888,
seu 8888888, 27, 88, 48, 42, 84, 58, 84.

4484884888 88 8848884848, 87.

4484884888 88 8888888888, seu 8848888888,
888 8888888888, 27, 88, 48, 58, 84. ,

8848848888 888844, 27, 88, 48.

4484884888 88 4888448 seu 7448888, 24, 27.

4484884888, lantgravius Turingiao, 884888 881844-
nus saxoniae, 8, 48, 48, 28, 24, 27, 28, 88,
48, 48, 48, 52, 57, 58, 84, 888, 4824, 4045,
4848, 4287.

1484884884 88 78884448, 4228.

1484884888 88 7884888888 seu 88 7488888888,

4484884888 88 448888, eomes, 88, 482.

4484488, generalis 48488888, 848 ', 847 84 884. 2,
777 84 884. 4. , ·

4484488 88 8888888484, 4488.

448448, regina Cypri, 4228, 4288, 4284.

4488444888 88 44488844, 458.

44888488, magister, 784.

Homini 88 4488888848 (filii), 824.

4488848848, 777 84 884. 4.

“ 4488848488 4888884488, 888.

4488848888 48888 88 stapam, consul Tunnisi,
mmmmmmmmm
525, 888, 884, 888, 887, 848, 885, 728, 727,

-mmm

1488848448, abbas 88488888ηεί8, 72.

4188884888 88 4484488888, 888.

4484884888 88 4884844888, 4484.

Hennam, 884888 4888848888 8888848, 228, 222,
282, 285, 248.

4488848888 aa 4849888888, 4484.

4488884888, 4888848888 advocatus, 4488.

neurim, dux Austrine, 47, 48, 88. .

88884888 88 aymerico, 544.

umnam 888888 88 44448888, 877, 878, 888.

4488848888 88 8888888848, marescalcus 88488 im·
88τὶ8148, 48, 24, 228.

88884888 88 888888 888 888888888888, 72,
488 84 884. 8, 482, 448 (forsan 48888).

4488848888 88 8488848, 84 8.

flentem 8888888888, 4848.

4488848848, 8848884488 dux, 887, 4824, 4448.

4488484888 88 888888, 888.

nemim, dux carinthiae, 487.

4488848888, clericus, 848.

4488848848, comes, 424.

4488848488 88 084448, 828, 824. .
4488848888, abbas 884488 sanam 4488488, 48.
448884888,88848888 ...... 484.

4488848848 88 cropheum, 4474.

4488848844 88 4488888884, 4248.

4488884888 88 88848, 88488488 4448884448, 244 84

,mmmm

4488848888 88 Possm, 844, 858.

4488848888 VI, imperator, pater 4484884484 41, 245,
848, 888, 884, 888 ot 884. 8, 888, 888, mn,
mma

4488848888, 88888484 44444488, mx Romanorum,
mwfflm

4488848888 sive 44888488, 84488 4488888484 44, 888
'turrium 84 Gallum, 245, 885, 857, 858, 888,
mmmmfflQOm
485, 524, 827, 588, 548, 585, 588, 888, 848,

· 884,888,844,888,888,884,888,888,888,

Μωωωωψωωω
mmememm
mwst “

4488848848, 8884834488, 488.

4488848448 411, rex Anglino, 848, 844, 828, 824,
mmmm&

1488848848 88 F 48848884848, 84.

4488884888 8888848888, 424.

4488848848 88 888ῑῇ888888, 488.

4488848848 684444, 4485.

4788848448 88 688448884848, 28.

4488848848 88 44888844, 4488.

4488848888, filius (2844484884 4884848, 4888, 4884.

4488884888 88 8884888888, 88 84884. 8.

88884888, 888488 88 henneberg, 228, 248.

88884888, filius hemonis, 4484.

muricus 4488888888, 88.

timim Huimohmanu, 28.

88884888, marchio flyntrine. 44.

4488848848 48888888, 885.

umam 88 8888484888, 548.

4488848888 88 lapido, 4484.

4488484884, abbas 888844 humaui, 4484.

4488848888, dux 88 [impure 888 4484488888, 887,

4488848888, mammeas 88 88888 (Y), 484 84
884. 8. .

1488848848 88 Mra, 8488αωί888475, 854, 4444.

4488848888 88 8884888888, 884888, 887.

neurim 1844888488448, 828 84 884. 8.

uenum 88 418448, 584. ’

 

