1³18 ' INDEX 5057757757.

55577757 57 5775575, 577. 55977757 57 7577577, justitiarius Siciliae 7777777
5577777777 77757777, 7555, 7559. flumen Salsum, 755, 575, 777, 557,555, 555,
55577757 57 77577775, 575. 555, 579, 555, 575, 575, 595, 597, 577, 557,
55577757 57 77577557, 57 7. 577, 755, 775, 775, 777, 755, 775, 755, 775,
57577777 77 77777777, 777. 757, 777, 775, 777, 777, 775, aar, 777, 757,
5557775757 55777, 577 57 557. d. 955, 959, 975, 975, 7555, 5957.
55577757 07757777, 595. 55977757 57 77755, 555.
55577777, sonori 5577757777 diaconus 5575757777, 55977777 5777777757, aomos Furi, 7757, 7757.
995. 55977757 57 57777755, 957.
5557775757 757757775, 577. 55977757, 575579575977757755775757, 757.
55577757, 7797555557 opiscopus, 759, 797, 795, ’ 55977757 57 07755577, 7575.
795, 795. 55977757 daemomonum, 577.
555577757 5779577777, 577. 55977757 5777575775, 575.
7777577777 777 777777, aaa. 57977777 57 777777, 777, 757, 755, 757.
5557777757 57 5575777, clericus, 557. 5599777775 57 Petro 8777757775 sou 5757777775, im-
5555777777 57775, 577. 95777777 5777775 777557, 579, 779, 779. 555,
5555777777 57 5775755775, 577. 579, 555, 779, 799, 755, 777, 757, 755, 797,
5757777777 7777777777, 775. 777, 755, 757, 577, 777, 777, 777, 777, 777.
5555777777 57 Gaiano 7775 0599777775, 575, 775. 55977757 57 57775775, notarius, 779.
55557777 05957757 (filii), 577. 55977757 57 55775775 755 05775775, 757, 575.
555577757 57 0577757577, 757, 755, 759, 555, 55977757 5575575755, 7577 Parammon, aaa
557, 597, 957, 955. Ρο7777777777777,775, 755 57 noi. 7 ; 777, 557. 7;
55775755777777577. aomar, 577, 777.
555577777577775757, 777, 595. 5797775757 57777575 077757 57 5775775977.
5555777777 7777777777, 57 7. 55977757 7577755557, 577.
5555777777 7755759557, 577. 5599777777 57 Abora, 955.
5555777777 57577755, justitiarius Calabriae, 555, 5599777777 da 7757557777, 555, 555, 575, 595,
577, 777. 575,775,777,577,777.
5555777777 57 55557775, 575 77 557. 5. 5599777777 57 0557775, 755, 755, 755, 759, 775,
7775577777 775797777777, 777. 757, 777, 777, 777, 777, 777, 777, 757.
555577757575775755777575775, 795. 5599777777777 auara, 577.
55557777 57 577775 5577775775 (filiae), 797. 5599777777 57 9777777775, 575.
5555777777 57 5795 Candido, 577. 5599777777 57 5595555, 575.
5555777777 57 Soio, 559. 5599577777 5555977757, 577, 575.
nooberrordaSoivio, ⁶⁴7· 5599777777, ffliuaGimuodi, 577.
55557757575577575 6757975, 575. amyra-ammam, 959,
5555777777 777575, 7755. 5599777777 5757757575, 577.
5555777777, Dianaiaapiaoopoa, 759. 9799977799 flamoso, 577.
555557 filii Mam (domini), 672. 5599997999 dr Lamia, 925.
555577777575777777757, 559, 775. 9799777979, umba, 975,
55557577, 7595777777 aulae protonotarius, 777, 559977757575595, 559.
797. 5599777777 armam, 577.
5557779777 577755755775, 575. 55997777557557775,577
5557777777 55577757, 579. 55995757570777775775,575.
55557757 57 aapmrowilar, 555 57 557. 5. 559977757 57 5577775, 559.
55777557575777775 armum, 555. 55995755755777775,757,575, 555, 755595,
5577775777 amaveram, 7775. 795, 575, 555, 577, 577, 557, 555, 555, 575,
55977757, judex, 987. 555, 555, 597, 599, 755, 755, 757, 755, 755,
, 55977757, 757, 775, 557. 757, 755, 775 77 557. o: 575, 555, 559, 595,

 

